HoopoePrediction/HoopoePrediction/bin/Debug/net5.0/Resources/sh_dem_7.asc
ncols        1447
nrows        953
xllcorner    10.169027779000
yllcorner    53.951525666950
cellsize     0.000507755510
[rows 684 to 740 of 953, columns 288 to 383 of 1447]
47 46 45 45 45 46 47 48 49 50 51 52 52 52 52 51 49 48 49 49 48 47 45 45 44 43 43 42 42 42 41 41 42 43 44 44 43 43 43 43 43 42 42 43 44 44 43 42 39 38 37 35 33 33 33 33 31 31 32 34 34 33 32 32 33 32 32 33 27 27 27 27 27 27 27 27 28 30 32 33 34 39 42 41 41 41 39 32 27 27 27 27 27 27 27 27
48 46 46 47 48 49 50 50 50 51 52 53 53 54 54 53 51 49 48 48 47 46 45 45 45 44 44 43 43 43 42 43 44 46 47 46 46 46 46 46 45 44 43 43 44 45 44 42 38 36 34 33 31 30 31 32 32 31 29 30 31 31 30 27 27 27 27 27 27 27 27 27 27 27 27 27 29 32 31 32 35 36 39 41 41 39 37 32 27 27 27 27 27 27 27 27
49 48 48 49 51 52 52 53 53 53 54 54 54 55 55 55 53 51 49 48 48 47 46 46 46 46 46 45 45 44 45 46 47 48 49 49 48 48 48 48 48 45 43 42 42 43 45 40 33 31 29 28 28 30 31 32 30 30 27 27 27 27 27 27 27 27 27 27 27 27 27 27 29 31 32 29 27 27 27 27 27 35 35 37 37 38 33 27 27 27 27 27 27 27 27 27
53 53 54 54 55 56 57 57 58 58 57 57 56 55 55 53 51 49 48 48 48 49 48 47 47 47 47 47 46 47 48 48 49 51 52 53 53 53 53 51 49 47 45 44 42 39 36 34 30 29 28 29 29 28 28 27 27 27 27 27 27 27 27 27 27 27 27 27 27 27 35 36 36 36 34 33 30 27 27 27 27 27 29 32 33 31 27 27 27 27 27 27 27 27 27 27
57 56 56 56 57 58 58 58 57 56 56 56 56 55 54 52 50 49 49 49 48 49 48 48 48 48 48 47 47 48 50 51 51 52 54 55 55 54 54 52 50 48 47 46 43 39 34 31 32 32 30 27 27 27 27 27 27 27 27 27 27 27 27 27 27 27 27 27 27 35 35 35 35 31 27 27 27 27 27 27 27 27 27 27 27 27 27 27 27 27 27 27 27 27 27 27
58 57 57 58 59 58 59 58 57 56 56 56 56 55 54 52 51 50 50 50 49 50 51 51 50 49 49 49 49 51 52 53 53 54 56 57 56 55 55 53 50 49 47 46 42 38 34 31 31 29 27 27 27 27 27 27 27 27 27 27 27 27 27 27 27 27 27 27 27 34 35 34 34 31 27 27 27 27 27 28 28 28 28 29 28 27 27 27 27 27 27 27 27 27 27 28
58 58 58 58 58 57 58 59 59 58 57 57 55 54 53 52 51 50 51 52 53 56 57 56 55 53 53 52 53 54 55 56 55 56 57 58 58 58 58 57 55 53 51 49 43 34 30 27 27 27 27 27 27 27 27 27 27 27 27 27 27 27 27 27 27 27 27 27 27 32 33 32 32 34 35 35 34 34 33 30 29 31 32 31 31 30 27 27 27 27 27 27 28 31 29 30
59 59 59 59 59 59 59 58 57 57 56 55 54 52 51 50 50 51 52 53 54 56 57 56 55 54 54 55 56 56 56 55 54 54 55 58 60 61 61 60 59 57 54 52 43 32 27 27 27 27 27 27 27 27 27 27 27 27 27 27 27 27 27 27 27 27 27 27 31 32 31 32 34 38 41 42 41 38 35 31 29 31 34 33 32 31 31 30 29 30 31 32 31 32 35 33
58 58 59 59 60 61 60 59 58 57 56 55 53 51 51 52 53 53 52 51 50 52 54 53 53 55 56 57 57 57 55 51 48 44 44 50 57 61 61 62 62 61 56 52 41 33 27 27 27 27 27 27 27 27 27 27 27 27 27 27 27 27 27 27 27 27 27 27 32 32 31 32 34 38 39 40 39 36 34 32 32 33 34 32 31 30 31 30 29 29 29 30 30 30 30 30
59 60 60 60 60 61 60 58 56 55 54 53 53 52 52 51 51 51 50 49 48 49 52 54 56 58 58 59 58 56 53 50 48 42 40 46 53 58 59 60 61 57 50 46 36 31 27 27 27 27 27 27 27 27 27 27 27 27 27 27 27 27 27 27 27 27 27 27 28 31 32 36 37 39 36 34 33 31 32 35 37 35 34 32 32 33 33 32 32 32 31 31 31 30 29 28
59 60 60 60 61 61 60 59 57 55 53 53 53 52 52 51 50 49 49 48 48 49 51 54 57 57 57 58 58 55 52 50 48 44 43 47 52 56 58 61 60 54 46 42 35 31 28 27 27 27 27 27 27 27 27 27 27 27 27 27 27 27 27 27 27 27 27 27 27 30 32 34 35 37 36 33 32 32 33 36 36 34 33 33 33 34 35 36 36 35 34 32 32 31 29 28
57 58 59 60 61 61 59 58 57 56 55 54 52 50 50 50 49 48 48 47 46 46 49 52 55 54 54 56 56 54 50 47 46 46 45 45 49 55 56 58 54 47 40 36 36 34 32 31 28 31 31 27 27 27 27 27 27 27 27 27 27 27 27 27 27 27 27 27 27 27 30 29 30 32 33 32 33 33 33 32 30 30 32 35 36 37 37 37 35 33 33 33 31 28 26 28
58 58 59 59 59 59 57 56 55 54 53 53 53 52 52 50 49 48 49 48 47 47 49 51 53 51 51 51 51 49 47 46 46 45 44 43 43 45 45 43 41 40 38 36 37 35 32 30 29 30 31 29 27 27 27 27 27 27 27 27 27 27 27 27 27 27 27 27 27 27 27 27 27 27 27 27 27 28 29 31 29 29 32 34 34 34 35 36 36 35 34 33 33 32 33 41
58 58 57 56 54 53 53 53 51 49 51 53 52 51 50 49 48 48 49 50 49 48 49 51 52 48 46 43 42 42 42 41 41 42 41 40 39 37 37 36 35 36 37 38 39 37 34 32 31 31 29 27 27 27 27 27 27 27 27 27 27 27 27 27 27 27 27 27 27 27 27 27 27 27 27 27 27 27 28 27 27 27 30 32 32 33 31 30 31 34 35 35 34 35 40 47
57 56 54 52 47 41 39 41 43 45 49 51 51 51 51 49 48 48 49 49 49 48 47 45 42 38 37 36 37 36 35 34 35 36 37 37 37 36 36 35 34 34 35 36 37 36 33 31 31 29 27 27 27 27 27 27 27 27 27 27 27 27 27 27 27 27 27 27 27 27 27 27 27 27 27 27 27 28 29 28 27 27 30 31 31 30 30 29 29 32 35 37 36 35 36 42
46 39 41 42 43 39 35 36 41 45 49 50 49 49 49 48 49 50 51 50 49 47 44 40 35 32 32 32 33 32 31 32 33 35 35 35 36 36 36 35 34 34 35 36 36 35 30 31 32 30 27 27 27 27 27 27 27 27 27 27 27 27 27 27 27 27 27 27 27 27 27 28 28 28 28 29 31 31 30 28 27 27 29 30 30 29 30 31 32 31 32 34 35 34 35 41
41 35 36 37 39 36 34 36 41 45 49 50 50 49 49 49 50 52 53 52 50 48 44 36 31 31 32 33 32 31 30 32 33 34 34 34 35 36 36 36 35 35 35 35 35 34 30 32 34 31 27 27 27 27 27 27 27 27 27 27 27 27 27 27 27 27 27 27 27 28 28 28 29 30 29 29 29 29 28 28 27 27 28 29 29 29 31 32 32 31 31 31 32 33 35 43
41 38 35 34 33 33 33 37 43 47 51 51 52 51 51 51 52 53 54 53 52 49 44 35 31 31 31 31 31 31 31 31 32 33 33 33 33 33 33 34 34 34 35 35 33 31 30 29 31 29 27 27 27 27 27 27 27 27 27 27 27 27 27 27 27 27 28 29 31 32 31 30 30 30 29 29 29 28 27 27 27 27 27 28 29 30 31 31 29 28 28 28 28 29 35 42
41 40 38 38 39 42 45 47 50 51 51 51 51 52 52 53 54 55 56 55 54 52 49 38 31 31 31 30 30 30 30 31 31 31 32 32 32 33 33 33 33 33 32 31 31 32 33 27 27 27 27 27 27 27 27 27 27 27 27 27 27 27 27 27 28 28 29 30 31 29 27 27 28 30 31 29 28 27 28 29 28 27 27 28 28 28 29 29 28 29 28 28 28 29 35 42
39 44 47 47 47 47 49 50 52 53 53 54 54 53 53 53 55 56 57 56 55 55 52 43 34 32 32 31 30 29 30 31 32 30 30 31 32 32 32 33 34 34 32 31 31 34 27 27 27 27 27 29 30 28 27 27 27 27 27 27 27 27 29 31 32 30 28 27 26 26 28 29 30 32 33 34 33 31 29 28 29 28 30 31 30 28 27 28 28 29 29 30 34 41 48 50
40 43 46 48 51 52 52 53 56 58 57 56 55 55 55 54 55 56 58 59 59 59 58 53 39 33 33 32 30 29 30 30 31 31 32 32 33 32 32 32 33 34 34 33 31 31 31 30 29 29 30 31 31 29 28 29 30 28 28 27 28 28 28 30 33 31 28 27 26 29 32 32 32 33 35 36 36 34 32 31 32 30 30 30 30 31 31 30 29 30 31 36 42 45 46 46
58 58 58 58 60 61 59 58 59 60 59 57 57 56 56 55 54 56 59 62 63 63 62 59 50 39 36 32 30 30 29 30 31 33 33 33 33 32 32 31 31 33 34 35 36 35 30 29 29 29 30 29 27 29 30 31 31 30 30 27 30 32 35 38 39 39 40 41 42 48 48 43 41 36 34 35 35 35 34 35 39 39 36 33 33 34 34 33 32 34 36 38 40 40 41 42
57 58 59 59 59 60 60 59 59 59 59 58 57 56 56 55 55 57 59 61 62 61 61 59 51 40 38 33 30 29 30 31 32 33 32 32 32 32 32 31 31 33 37 39 41 37 32 29 29 30 31 29 27 26 28 30 31 31 31 32 37 38 42 45 47 49 51 53 54 55 54 49 45 38 33 31 32 33 34 36 39 40 39 35 35 35 35 34 34 35 36 38 39 38 38 38
54 55 56 56 57 57 57 57 58 58 59 59 58 56 56 56 56 57 58 59 59 59 58 57 54 43 39 33 32 31 32 33 33 33 33 32 32 32 32 31 32 35 41 45 44 38 33 32 31 30 26 21 21 25 28 28 31 33 37 43 47 48 51 55 58 60 63 65 63 63 63 60 54 40 32 32 34 33 32 38 40 39 35 33 33 32 33 33 34 34 35 37 36 34 33 33
55 55 54 54 52 50 49 51 53 54 56 57 57 59 59 60 60 61 64 66 67 64 62 62 56 40 37 33 33 34 35 34 33 33 34 33 32 31 31 31 32 35 39 41 40 39 40 41 33 30 25 22 25 30 32 32 38 44 48 53 58 60 63 65 66 66 66 66 66 64 65 65 63 57 52 51 47 44 43 45 44 38 33 32 32 33 35 36 36 35 34 34 34 33 34 32
51 52 52 50 47 45 45 45 47 49 53 56 57 58 59 60 61 62 65 67 68 65 62 61 52 39 36 32 33 33 32 31 31 33 34 34 33 32 32 31 31 33 35 36 37 38 37 32 30 31 33 34 33 35 39 42 51 58 62 64 68 68 69 70 69 68 67 68 67 65 66 66 64 61 59 57 50 41 37 36 35 31 29 31 32 34 36 37 35 33 31 30 30 30 31 31
48 49 50 48 45 43 43 44 46 48 52 55 55 56 57 60 62 63 65 65 64 60 58 54 43 36 35 34 34 32 31 31 32 33 33 33 32 32 32 32 31 31 32 33 34 36 36 28 32 35 42 46 49 53 58 62 65 66 68 68 69 69 70 70 69 68 69 70 68 67 68 67 66 64 63 58 44 31 28 28 28 28 31 34 34 34 34 34 32 30 29 29 28 29 30 31
47 47 48 48 45 43 44 47 52 54 57 58 56 56 56 58 59 59 59 61 62 61 59 56 49 39 38 35 34 33 33 33 32 32 32 32 33 33 33 33 33 32 30 29 28 29 32 31 36 41 51 59 62 62 61 62 63 64 65 66 68 69 70 70 70 71 72 72 70 70 70 69 68 67 64 54 38 27 25 26 28 29 31 32 32 32 31 30 29 28 27 28 30 32 33 33
46 46 47 47 48 47 49 53 56 57 58 57 55 54 54 54 54 55 58 63 66 67 67 65 59 47 42 35 33 32 32 32 32 32 33 33 33 33 33 33 34 33 31 30 28 28 30 34 38 43 53 61 64 63 62 63 63 64 65 66 69 69 70 70 70 71 72 73 73 73 71 69 69 66 62 51 35 26 25 26 28 29 30 31 31 32 31 29 28 28 28 29 33 36 35 34
47 46 47 47 49 54 57 57 56 55 53 52 52 54 54 55 55 56 58 62 65 68 70 70 65 58 53 43 35 32 31 30 31 31 32 34 34 33 33 34 36 37 36 34 32 30 32 34 41 44 53 60 64 65 66 66 67 67 67 70 71 71 70 69 70 69 70 71 72 73 73 70 67 61 54 43 31 28 29 30 33 33 32 33 34 35 34 31 29 29 30 32 35 39 40 38
46 47 51 52 54 56 57 55 52 49 47 49 53 54 54 56 57 57 58 60 62 67 70 71 70 67 63 56 52 50 44 35 30 29 30 31 32 32 32 33 34 34 33 32 29 27 33 37 40 44 54 62 66 68 69 68 71 72 73 73 72 71 69 68 69 70 70 69 67 67 69 68 65 58 48 36 28 26 27 30 34 34 33 32 32 30 29 29 31 34 36 42 44 42 42 42
44 45 47 48 51 53 52 51 48 46 45 49 54 56 56 57 58 58 57 59 60 65 69 70 70 70 69 65 60 56 53 47 43 31 27 29 30 30 30 32 33 32 30 29 29 28 28 37 49 54 64 70 73 74 76 76 76 77 77 76 75 73 69 67 69 71 70 69 65 61 61 64 62 55 47 39 30 26 27 28 31 34 34 32 31 29 28 29 33 38 41 48 49 45 39 38
37 38 38 38 41 45 49 50 49 47 46 49 54 55 55 56 57 57 58 58 57 60 65 70 71 72 72 72 69 63 56 49 46 38 33 30 29 29 29 29 29 30 30 30 29 29 32 42 58 62 67 70 72 75 76 77 77 77 77 75 72 70 65 63 66 69 70 70 69 67 63 61 57 47 36 30 27 26 26 29 33 37 36 31 30 29 28 29 32 40 46 52 51 46 42 38
36 41 40 40 40 45 51 54 53 51 50 52 56 56 56 56 57 57 58 58 57 57 64 70 72 73 73 72 69 61 53 48 45 38 34 31 29 30 30 30 29 31 32 32 31 31 36 48 61 64 68 69 71 73 74 75 75 76 76 73 71 69 66 65 66 68 69 69 69 69 64 59 54 40 29 25 25 25 26 28 31 36 36 33 32 31 30 30 34 42 47 52 50 45 43 43
53 55 54 53 50 47 51 56 58 57 57 57 56 57 57 58 59 60 60 58 57 57 63 71 74 72 71 66 60 53 46 41 39 35 32 31 31 30 30 29 29 30 31 32 34 41 53 62 66 66 67 67 67 69 70 70 71 74 75 73 70 70 69 68 67 66 66 67 68 64 59 50 44 34 27 25 25 25 26 27 30 33 36 37 37 37 37 37 40 46 49 50 48 43 45 49
54 54 55 55 53 52 52 55 57 58 58 59 60 59 59 60 61 59 57 56 56 57 60 64 66 65 63 59 52 44 37 35 34 33 31 29 30 31 31 31 31 31 34 37 48 60 69 69 67 67 67 66 65 66 66 66 69 71 71 70 68 68 67 65 64 64 65 66 63 57 49 38 34 27 25 25 25 25 25 27 31 35 35 36 36 37 38 41 46 51 53 53 53 50 52 54
54 55 54 54 54 55 56 57 58 59 61 63 62 60 60 59 58 57 56 57 57 59 60 59 59 55 54 51 47 40 37 36 36 36 35 33 30 31 31 32 32 37 48 55 66 73 76 76 74 73 69 67 68 69 68 67 69 70 70 68 66 65 63 62 61 62 61 60 56 46 38 28 27 25 26 27 26 26 27 30 39 44 44 43 44 46 47 48 51 53 54 54 55 55 57 59
54 52 52 52 53 52 53 54 56 57 59 61 59 58 58 57 56 56 56 57 58 58 59 56 50 46 45 43 41 40 40 40 40 39 37 36 34 33 33 35 42 53 63 67 72 77 78 79 78 77 74 73 73 69 67 66 67 68 67 64 63 62 61 59 58 56 51 47 42 34 28 25 25 24 24 25 26 28 29 36 41 41 43 46 47 50 52 52 54 54 53 54 57 61 63 63
45 46 48 50 53 55 55 55 55 56 57 57 57 56 56 56 56 57 58 58 58 59 58 54 47 44 43 40 39 40 41 42 41 40 41 42 40 37 38 44 55 65 71 74 78 78 79 78 79 79 79 78 76 73 70 69 68 66 62 61 61 59 56 52 47 42 35 31 26 24 25 26 26 26 25 25 26 30 33 40 42 42 45 50 52 56 56 54 56 58 59 58 61 63 63 61
42 44 47 50 54 56 57 57 56 55 56 57 57 56 56 57 58 58 58 58 59 60 59 54 48 44 43 40 39 40 41 42 43 45 48 50 49 40 40 46 56 65 72 75 79 79 80 80 80 80 80 79 77 74 71 70 69 65 61 61 62 59 54 49 41 33 28 25 24 25 25 25 25 25 25 26 28 33 36 41 42 44 48 53 55 58 59 58 59 59 59 59 61 63 62 60
44 45 49 52 57 59 60 58 56 55 56 58 57 56 57 58 59 59 59 59 59 59 58 56 51 48 45 41 41 44 46 50 53 61 64 64 62 54 49 44 48 57 66 71 77 77 79 80 79 79 78 76 75 75 70 66 63 59 54 56 55 51 44 36 29 26 26 26 25 25 26 26 26 26 25 25 29 38 44 51 57 62 64 63 62 60 58 59 60 61 61 62 62 62 61 60
42 48 55 57 60 61 60 58 57 57 57 56 57 58 58 59 59 59 60 60 59 59 59 60 62 62 58 49 44 45 49 57 62 66 67 67 65 62 59 50 44 48 57 62 71 75 78 78 76 76 74 71 67 63 55 50 47 45 44 43 40 37 31 27 26 26 26 25 25 25 26 26 26 25 26 28 35 47 53 60 64 66 64 61 60 59 59 60 61 61 61 61 61 61 59 58
48 56 61 61 61 60 58 57 57 57 57 57 56 57 57 57 57 58 59 59 58 59 58 60 66 68 66 58 49 45 47 54 57 63 66 66 63 60 58 51 43 40 46 50 58 64 67 68 64 63 59 54 50 45 38 33 29 27 29 28 28 27 26 25 25 26 26 25 25 26 26 26 26 26 31 40 48 53 55 58 59 60 59 59 59 60 59 59 61 63 64 64 63 62 60 57
55 59 61 61 61 59 57 56 56 55 54 54 54 55 55 56 55 56 56 56 57 58 59 61 66 71 71 68 59 49 45 49 53 60 65 67 66 64 63 59 51 43 38 36 42 47 49 47 45 44 41 38 36 34 30 28 26 26 26 26 26 26 26 27 29 30 30 30 28 27 26 26 26 31 41 49 52 53 53 54 54 55 57 57 57 57 57 58 60 63 64 63 59 56 54 54
58 58 59 59 60 58 57 56 54 53 53 52 51 52 53 54 54 53 52 51 52 55 56 61 68 73 73 72 69 67 66 66 65 63 64 65 65 65 65 66 65 59 49 42 36 36 37 37 34 34 33 34 32 31 31 30 28 27 27 26 27 28 29 30 32 34 37 39 39 34 30 29 31 40 49 52 52 51 51 52 52 52 52 53 53 53 54 56 58 58 57 55 53 49 47 47
57 59 59 59 60 59 57 56 54 53 52 51 51 52 52 53 52 51 50 50 50 53 55 58 66 71 71 72 70 69 70 68 66 64 63 62 62 63 64 65 65 62 54 48 39 34 34 33 32 32 32 33 32 31 30 29 28 27 27 27 29 30 32 32 31 33 35 36 36 33 31 32 35 43 50 52 51 50 51 51 51 51 50 52 52 51 52 53 54 53 51 48 47 45 43 42
58 59 59 59 58 58 57 55 54 53 52 51 52 52 52 53 51 49 49 50 51 49 47 48 53 57 59 62 64 63 63 62 61 61 61 57 55 57 58 59 59 60 59 58 53 40 32 30 31 32 36 38 38 35 32 30 28 26 26 27 30 31 32 31 30 29 29 29 30 32 32 34 37 41 44 45 46 45 46 46 48 49 50 51 51 51 49 46 43 41 40 41 41 39 38 38
57 57 57 57 57 57 56 54 53 52 51 51 51 51 51 51 51 49 47 49 50 46 40 39 44 50 52 55 56 56 56 56 56 56 57 56 54 53 54 56 58 59 58 58 56 46 33 30 32 36 44 48 45 39 33 30 27 26 26 27 27 28 30 31 30 29 29 30 34 36 36 35 35 35 35 36 38 39 40 40 41 40 41 43 43 44 44 42 40 37 36 36 36 36 36 36
57 58 58 58 56 54 51 50 50 50 51 51 51 51 51 50 48 46 45 45 46 45 40 37 41 51 53 56 56 55 55 55 56 57 57 57 57 57 56 55 56 57 57 56 51 42 35 32 32 33 35 36 35 32 29 28 27 27 26 27 27 27 28 31 32 33 34 36 37 37 37 37 37 36 35 36 37 37 38 37 36 35 35 35 35 36 37 36 36 36 36 35 35 35 35 35
57 56 57 57 56 51 46 44 46 49 51 51 50 49 49 48 46 44 41 40 41 42 40 36 40 47 49 52 51 49 50 55 59 63 60 57 57 54 54 53 51 50 50 49 45 38 35 35 33 32 31 30 29 28 28 28 27 28 28 29 29 29 30 32 33 35 36 36 36 36 37 37 36 35 34 35 35 35 35 35 35 35 36 35 35 35 35 36 36 35 35 35 35 37 37 37
55 56 57 57 55 50 43 39 41 42 45 49 51 50 48 45 42 41 41 40 40 42 42 39 37 40 41 43 43 41 41 47 51 56 57 52 48 43 43 43 43 40 36 34 32 34 34 34 32 31 29 27 27 27 28 29 30 30 31 32 33 33 34 34 34 35 34 34 34 35 35 35 35 35 34 34 34 34 35 35 35 35 35 36 36 37 36 36 36 36 37 36 38 40 41 41
54 56 56 56 55 49 41 37 38 39 41 47 50 52 51 47 44 42 41 40 40 42 43 40 37 39 40 41 40 38 38 43 48 54 57 51 42 38 38 37 38 36 33 32 32 33 34 34 33 32 29 28 28 29 30 31 30 31 32 33 35 35 35 35 34 34 34 33 34 35 34 35 35 35 35 34 34 34 35 35 35 35 35 35 36 37 37 37 36 38 39 40 41 42 43 42
53 54 55 55 54 50 42 37 35 34 36 38 39 41 42 46 49 50 45 40 39 40 41 40 42 47 48 46 41 38 37 39 42 48 47 42 33 30 30 29 30 31 30 31 33 34 37 39 38 36 33 32 31 31 32 32 31 33 34 34 34 34 35 36 37 37 35 34 35 36 35 35 35 34 34 34 35 35 35 35 34 36 36 38 38 37 38 40 42 44 45 45 44 43 43 43
52 53 52 52 53 49 41 36 33 31 32 34 33 33 33 35 39 43 47 47 46 46 47 46 49 56 57 58 51 42 39 39 40 40 37 33 29 28 28 27 27 28 30 31 34 35 35 36 35 35 34 34 33 33 34 34 33 33 34 35 35 35 36 36 36 37 36 35 36 36 36 36 36 36 35 35 35 34 34 35 36 37 38 39 39 41 43 44 45 46 47 46 45 43 43 44
50 52 52 52 53 53 51 48 45 43 40 38 32 32 32 33 34 36 38 41 43 49 55 56 54 53 53 54 50 43 38 36 35 33 32 31 29 28 28 29 30 31 32 33 34 34 33 33 33 33 34 34 36 37 37 37 36 36 35 35 36 36 36 36 36 36 37 36 36 35 35 35 35 36 35 34 35 35 36 38 39 40 40 41 42 43 44 44 45 45 46 45 45 45 45 45
49 51 53 53 54 55 54 52 54 55 54 51 45 38 38 36 35 35 39 48 53 61 64 63 57 49 48 45 41 36 34 34 34 33 33 32 30 29 29 30 31 32 33 34 34 33 34 33 33 34 35 35 36 36 36 37 35 35 35 36 36 37 38 38 37 38 37 37 38 37 36 36 36 36 37 38 38 39 40 42 42 42 41 42 42 43 44 45 46 46 47 46 47 48 48 47
50 50 52 53 54 55 53 52 54 55 56 51 44 38 37 36 36 39 47 56 60 65 66 61 55 46 44 41 39 36 35 35 34 33 33 33 30 29 29 30 31 33 34 34 34 33 33 33 33 34 35 35 35 36 36 36 35 36 37 37 37 37 38 39 39 39 39 38 38 39 39 38 38 38 39 40 40 40 41 42 43 42 41 42 42 43 44 45 46 47 47 46 47 48 48 47
