HoopoePrediction/HoopoePrediction/bin/Debug/net5.0/Resources/sh_dem_7.asc
ncols        1447
nrows        953
xllcorner    10.169027779000
yllcorner    53.951525666950
cellsize     0.000507755510
[rows 171 to 227 of 953, columns 0 to 95 of 1447]
0 0 0 0 0 0 0 0 0 0 0 2 8 20 27 28 29 29 28 27 26 25 25 25 24 23 23 23 24 24 25 28 30 29 27 27 27 26 27 27 28 29 29 31 33 35 34 34 34 35 36 38 40 43 49 51 41 35 34 34 37 38 36 35 34 34 33 32 30 29 29 29 31 33 34 36 38 39 39 39 39 39 39 39 40 39 38 37 36 37 38 39 39 39 40 41
0 0 0 0 0 0 0 0 0 0 7 14 18 23 25 26 27 28 29 29 28 25 24 24 22 21 22 24 25 24 25 27 28 27 26 26 27 28 30 31 32 33 34 34 34 33 33 33 34 36 37 38 39 40 44 51 51 47 44 41 41 40 37 36 35 36 35 33 30 29 30 33 36 37 38 37 38 38 36 37 39 39 38 38 38 37 35 34 34 34 36 38 38 38 38 39
0 0 0 0 0 0 0 0 0 0 9 19 21 25 27 28 29 28 27 27 28 27 23 22 21 20 21 22 23 24 26 26 27 29 29 29 30 31 32 32 33 34 35 36 35 33 33 33 34 35 36 36 35 35 39 47 50 50 50 50 48 45 40 38 38 37 36 35 33 31 32 34 36 36 37 37 38 38 37 36 37 37 38 37 38 38 36 35 34 34 36 38 38 38 39 40
0 0 0 0 0 0 0 0 0 0 11 21 22 25 27 28 28 27 26 25 27 28 24 22 20 20 21 22 24 25 26 27 28 31 32 32 33 34 33 33 34 34 35 37 37 34 33 33 33 34 35 36 35 34 36 44 50 51 51 51 49 45 40 37 36 35 34 34 33 32 33 35 36 37 37 36 36 37 36 36 36 36 37 36 37 38 37 35 34 33 35 38 38 38 39 41
0 0 0 0 0 0 0 0 0 0 13 17 18 19 21 23 24 25 24 24 26 28 25 24 21 21 22 23 25 27 27 27 28 31 34 34 35 35 34 35 34 34 35 34 33 31 32 32 32 32 32 31 29 30 33 39 43 44 44 43 42 38 35 33 32 31 31 31 33 32 32 34 37 38 36 34 33 34 34 34 34 34 34 33 35 37 38 37 36 35 34 34 36 37 39 41
0 0 0 0 0 0 0 0 0 0 6 9 9 8 10 14 18 20 23 23 25 28 28 27 24 23 25 26 27 28 29 29 29 31 33 33 34 34 35 35 34 33 34 33 31 30 28 28 27 27 27 27 27 27 29 32 34 35 35 36 36 35 34 33 32 32 33 33 33 33 34 36 38 39 36 34 33 34 34 33 32 33 34 33 33 36 38 38 39 40 37 34 34 35 38 41
0 0 0 0 0 0 0 0 0 0 0 2 3 5 5 9 14 17 23 22 22 26 27 26 25 26 27 27 26 27 28 29 31 32 33 33 32 33 34 35 34 33 33 31 30 29 29 28 27 27 27 26 27 27 27 28 31 34 35 36 36 36 35 34 33 32 31 31 32 34 35 37 38 37 35 34 33 34 35 35 33 32 31 30 31 31 33 34 34 35 34 33 34 34 36 37
0 0 0 0 0 0 0 0 0 0 0 1 1 2 3 5 9 12 18 19 19 23 23 23 22 24 26 27 27 28 30 32 33 34 34 34 34 35 35 36 34 33 32 32 31 30 30 29 26 24 23 22 23 25 26 29 33 35 35 34 32 31 31 31 31 31 31 30 32 33 34 35 36 35 34 33 33 33 33 33 31 30 29 28 29 29 28 27 27 29 29 29 30 31 33 35
0 0 0 0 0 0 0 0 0 0 0 0 0 1 1 3 7 9 12 15 17 18 19 19 20 20 22 24 26 27 31 34 35 35 36 36 37 37 36 35 34 33 32 32 31 31 31 30 27 25 24 25 25 25 26 28 30 32 32 32 30 29 29 30 30 30 31 31 32 34 34 35 36 34 33 32 32 32 31 30 30 30 30 29 29 28 28 28 28 28 28 28 29 29 31 34
0 0 0 0 0 0 0 0 0 0 0 2 2 1 1 3 5 7 9 11 13 15 17 17 17 19 20 21 25 29 33 36 36 35 36 37 38 37 36 36 35 34 33 33 33 33 32 31 28 26 24 25 25 25 25 27 30 30 30 31 31 30 30 31 30 31 32 32 32 35 35 36 36 34 33 33 32 31 31 31 30 30 29 27 26 25 26 26 27 28 28 29 29 29 30 33
0 0 0 0 0 0 0 0 0 0 0 1 1 0 -1 1 3 5 7 8 10 12 13 13 15 18 20 22 25 28 31 34 36 36 36 36 36 35 35 36 36 35 34 35 33 33 33 32 29 27 26 26 25 25 25 27 28 29 29 29 30 30 31 32 31 31 31 31 32 34 35 36 36 35 34 35 34 32 32 31 30 30 28 25 22 21 21 22 23 24 25 26 26 26 27 30
0 0 0 0 0 0 0 0 0 0 0 0 0 1 2 4 3 3 4 7 8 8 9 10 13 16 19 22 26 29 30 32 35 38 39 39 38 37 36 36 37 37 36 34 32 32 31 30 29 27 26 25 25 26 26 26 26 27 27 28 29 30 30 30 30 31 33 34 34 36 36 36 36 35 35 33 32 31 32 32 29 29 27 26 24 22 22 23 24 25 25 24 23 23 23 25
0 0 0 0 0 0 0 0 0 0 0 0 0 2 3 3 3 4 6 8 8 7 7 7 9 14 18 22 26 29 31 35 38 40 40 40 39 40 40 38 37 37 35 33 32 30 30 30 31 29 27 25 25 26 25 25 25 27 27 28 27 28 29 30 29 31 34 36 37 37 37 36 35 35 35 33 32 32 32 32 29 28 27 26 25 24 23 23 24 24 23 22 23 23 24 24
0 0 0 0 0 0 0 0 0 0 0 0 1 2 3 2 3 4 6 9 9 7 6 7 9 13 18 22 27 29 30 33 36 38 39 39 40 39 39 38 38 38 36 34 33 33 33 33 33 34 34 31 29 26 25 26 26 28 28 29 29 28 29 30 31 33 35 36 38 38 37 35 34 34 35 34 33 32 31 29 29 28 27 26 26 26 25 25 23 23 24 24 25 25 25 25
0 0 0 0 0 0 0 0 0 0 0 0 0 1 0 1 2 2 3 4 5 5 7 8 10 14 19 24 28 29 30 33 37 36 36 36 36 37 38 39 39 38 36 36 35 35 36 36 37 36 35 33 32 31 29 28 28 30 30 30 30 30 31 31 32 33 35 34 33 34 34 34 35 36 36 33 31 29 28 27 27 27 27 28 27 26 25 25 24 23 23 23 23 23 23 23
0 0 0 0 0 0 0 0 0 0 0 0 0 1 1 2 2 1 -1 2 5 6 7 8 10 14 19 24 27 28 29 31 33 33 33 33 34 36 37 38 39 39 38 37 36 36 37 37 36 35 34 33 32 30 29 29 29 29 29 29 30 32 33 33 33 33 34 34 34 33 33 34 34 35 33 31 29 29 29 27 27 27 27 27 26 25 24 25 25 24 22 22 23 23 23 23
0 0 0 0 0 0 0 0 0 0 0 0 1 1 2 1 1 0 -1 1 2 3 4 5 10 18 24 26 26 26 28 31 31 31 32 33 35 36 38 39 39 39 39 40 39 37 36 36 36 34 33 31 30 29 29 29 29 30 30 32 33 34 35 35 34 33 32 32 32 31 31 31 32 32 31 28 27 29 29 27 27 27 26 25 24 25 24 24 24 23 23 22 21 21 20 22
0 0 0 0 0 0 0 0 0 0 0 0 0 2 3 0 -2 -3 0 4 6 3 2 3 8 13 19 24 26 27 27 29 30 31 33 33 35 37 39 40 40 39 38 38 39 40 40 40 39 39 38 37 36 34 32 32 33 32 32 33 34 36 37 36 35 31 30 30 31 33 33 32 31 30 29 29 28 30 30 26 24 24 24 24 24 24 23 22 22 23 23 22 22 21 20 20
0 0 0 0 0 0 0 0 0 0 0 0 0 4 10 13 13 14 9 7 7 4 2 2 6 13 19 22 24 25 26 28 29 31 33 34 35 36 37 38 39 39 40 41 40 42 44 44 42 41 40 39 38 36 35 34 33 35 35 36 37 37 37 37 36 35 36 35 34 35 35 33 30 29 30 31 32 32 31 29 27 26 25 25 25 24 23 22 21 20 20 21 21 20 19 21
0 0 0 0 0 0 0 0 0 0 0 1 1 1 5 10 11 9 7 6 5 4 4 4 8 15 21 23 23 22 23 27 29 30 32 32 34 35 37 39 40 41 42 43 42 44 45 44 42 41 41 41 40 39 39 40 39 38 38 39 38 38 38 38 37 37 37 36 35 35 34 30 28 28 31 34 35 33 30 29 27 26 25 24 24 23 22 22 21 20 19 19 19 19 20 21
0 0 0 0 0 0 0 0 0 0 1 0 2 4 4 6 6 5 6 6 6 6 5 5 8 12 17 21 22 22 24 27 30 30 31 32 34 35 37 39 40 40 42 43 42 42 44 44 43 43 44 43 41 39 38 39 39 39 39 40 40 39 39 39 39 37 36 35 33 31 30 29 29 32 34 35 35 34 30 28 29 29 27 24 23 22 21 20 21 22 22 20 19 20 21 21
0 0 0 0 0 0 0 0 0 0 1 2 3 5 8 10 9 7 5 6 7 6 4 4 7 12 17 20 21 22 25 27 30 31 31 32 35 38 39 39 40 40 41 43 43 42 43 44 45 44 44 44 43 40 39 39 41 41 41 41 40 40 39 39 39 37 35 34 32 31 31 30 30 32 34 35 36 34 31 29 29 29 27 25 23 22 21 21 21 21 22 21 20 20 20 20
0 0 0 0 0 0 0 0 1 1 5 7 6 3 2 3 4 5 4 4 5 4 2 2 4 10 16 19 20 21 26 29 30 33 35 35 36 38 39 39 40 41 41 42 42 43 43 43 44 43 42 44 45 44 42 42 44 44 44 43 42 41 40 39 38 36 35 35 33 31 31 31 32 33 32 31 32 31 31 31 29 29 27 24 23 22 20 19 18 18 19 20 20 20 20 19
0 0 0 0 0 0 0 0 0 0 1 2 3 4 4 4 5 6 5 6 5 4 5 5 7 11 16 21 24 25 26 30 32 34 37 37 37 39 40 41 41 41 42 43 42 43 45 45 45 44 43 43 44 45 45 45 46 46 46 45 44 43 42 40 39 36 34 33 33 31 31 31 32 32 32 31 32 31 31 32 31 30 29 27 25 24 22 20 20 19 20 20 20 20 20 20
0 0 0 0 0 0 0 0 0 0 0 9 8 6 5 7 9 8 8 8 6 4 6 7 8 12 19 24 26 25 27 31 35 38 39 39 41 42 42 43 42 41 42 42 44 45 45 45 46 45 44 43 42 43 43 44 45 45 45 46 47 46 45 43 42 39 36 35 33 33 33 33 34 33 32 31 31 31 31 31 30 29 27 26 25 24 23 22 20 21 21 20 20 20 20 20
0 0 0 0 0 0 0 0 0 0 0 0 0 3 7 6 5 4 3 5 5 4 5 7 11 16 21 26 28 29 30 33 35 38 40 41 43 44 43 41 40 41 42 42 42 44 46 46 45 44 44 44 44 46 46 46 47 49 49 50 50 49 47 45 44 41 38 35 32 31 30 29 30 31 32 33 33 32 32 33 31 30 28 27 25 24 23 22 21 22 22 22 21 21 20 19
0 0 0 0 0 0 0 0 0 0 3 0 0 0 0 1 4 5 3 3 4 5 7 8 11 15 20 24 28 30 32 34 35 38 42 42 43 43 43 42 41 41 40 41 41 41 40 40 39 41 43 45 46 47 46 46 48 51 51 51 51 50 48 46 44 41 39 37 35 34 32 29 28 30 32 33 33 33 32 31 31 30 28 27 26 26 26 25 24 23 22 22 21 21 20 19
0 0 0 0 0 0 0 0 0 0 1 0 0 0 0 1 4 6 3 3 3 5 9 9 10 12 16 22 29 32 33 35 37 39 43 43 44 43 42 42 41 41 39 40 41 40 40 40 39 41 43 45 46 47 47 48 50 51 51 51 52 51 49 47 45 42 40 38 36 35 33 29 27 28 30 31 32 32 32 30 30 30 29 27 25 26 27 26 24 24 23 21 20 20 20 19
0 0 0 1 0 0 0 0 0 0 1 2 2 1 1 2 3 4 4 5 6 8 10 11 12 13 16 20 26 30 35 37 38 40 42 42 43 44 43 43 42 41 40 40 39 39 40 40 39 40 42 43 44 44 45 47 47 47 47 48 49 49 48 48 47 43 39 38 36 34 31 28 27 27 27 29 30 30 31 30 28 28 29 27 26 26 26 25 23 23 22 20 19 19 19 19
0 0 0 1 1 1 2 2 1 2 2 2 2 2 2 3 4 4 6 8 10 11 10 10 11 14 15 17 22 26 32 35 37 39 40 41 42 42 43 42 42 43 42 42 41 40 41 41 41 42 42 43 43 43 44 45 45 46 46 48 49 48 47 47 46 42 38 37 34 31 30 28 27 28 28 28 29 30 31 32 32 32 30 28 27 25 24 23 23 22 20 20 21 21 19 17
0 0 0 0 1 3 3 3 3 2 1 1 2 3 4 4 4 4 7 9 11 12 11 11 11 11 14 17 22 26 34 37 36 37 38 39 41 44 45 44 42 41 43 43 43 43 43 43 43 44 45 45 46 46 45 45 46 46 46 47 47 48 49 48 47 41 35 32 30 28 28 27 26 26 26 27 26 28 32 34 33 33 31 27 25 24 23 23 22 22 22 23 22 22 20 18
0 0 0 0 0 1 2 1 2 4 5 3 3 6 9 9 8 8 8 9 11 11 10 10 10 13 15 18 24 27 31 34 36 38 40 40 40 41 43 43 42 43 43 43 44 44 44 44 44 44 46 47 47 45 43 43 43 43 43 42 43 44 44 44 42 37 33 30 26 24 24 23 23 24 25 27 28 29 30 32 33 34 35 32 29 28 26 24 23 24 23 22 20 19 18 18
0 0 0 0 0 0 1 1 1 6 8 8 8 10 12 12 10 9 7 9 11 12 11 11 11 12 15 19 24 27 31 34 36 39 42 42 42 41 42 43 42 42 41 43 44 44 44 44 44 45 46 47 47 46 43 43 43 41 41 41 41 42 42 41 40 37 33 29 26 24 24 23 22 23 25 26 27 27 26 29 30 31 32 32 31 31 29 27 24 24 24 22 19 19 18 17
0 0 0 0 0 0 0 0 0 5 8 10 11 12 12 10 9 8 8 7 8 8 9 9 10 11 13 18 24 27 30 33 36 38 40 40 41 41 42 42 41 41 39 40 43 43 45 45 45 43 41 41 42 43 41 40 40 41 41 42 41 40 39 38 39 36 30 27 26 24 24 23 23 23 24 24 24 22 22 23 23 24 26 28 28 27 28 28 26 25 23 21 19 19 17 16
0 0 0 0 0 0 0 0 0 0 2 4 4 5 4 4 3 3 6 7 9 9 9 9 10 12 14 18 22 24 29 32 35 37 38 38 39 41 42 42 42 42 38 38 40 42 43 43 43 42 41 41 40 40 40 40 39 40 40 40 39 37 35 33 32 28 26 26 26 26 26 25 25 23 22 22 22 23 23 24 24 24 25 26 25 24 25 26 26 26 24 21 17 17 16 16
0 0 0 0 0 0 0 0 0 0 0 0 0 0 1 1 2 3 6 8 10 9 9 9 9 10 14 19 22 23 27 29 30 32 33 34 36 37 38 39 37 36 33 34 36 37 37 37 38 39 39 38 37 38 40 40 41 41 40 38 37 35 33 31 29 25 25 23 23 24 24 23 23 23 23 22 23 24 25 25 24 24 24 24 24 23 22 23 24 24 24 25 23 22 19 16
0 0 0 0 0 0 0 0 0 0 0 0 0 0 0 0 0 1 4 6 6 6 5 5 6 8 10 13 15 17 23 28 31 32 32 33 34 35 34 33 31 29 28 29 34 35 35 35 35 35 35 36 35 36 37 37 37 37 37 36 36 36 33 30 28 24 22 21 20 21 21 22 23 24 23 23 23 23 23 23 23 23 23 23 23 23 23 22 21 21 21 22 24 24 24 21
0 0 1 1 0 0 0 0 0 0 0 0 0 0 0 0 0 0 1 3 4 0 0 0 1 1 1 1 4 7 13 19 22 23 20 21 24 26 26 25 25 24 26 31 35 36 35 35 34 35 34 33 32 33 35 37 37 36 36 36 37 35 30 25 22 22 22 19 19 20 20 21 21 22 23 23 22 22 22 23 24 24 25 24 23 22 22 22 21 21 21 22 22 22 22 21
0 0 1 1 0 0 1 1 0 0 0 0 0 0 0 0 0 0 0 0 0 0 0 0 0 0 0 1 1 3 6 10 14 15 10 10 14 19 19 19 20 21 24 30 33 34 33 33 32 33 33 32 31 30 32 35 36 34 34 35 35 32 26 23 22 22 21 18 18 21 21 22 21 22 23 23 22 22 23 24 24 24 24 24 24 24 23 22 22 22 22 21 20 20 19 20
0 0 1 0 0 0 1 2 2 3 4 3 3 3 3 2 1 1 0 0 0 0 0 0 0 0 0 2 4 2 2 6 9 8 3 4 6 9 11 12 13 14 15 19 20 23 26 26 27 27 27 27 27 24 25 30 32 33 33 34 33 29 25 21 19 21 21 20 19 22 23 24 24 23 23 23 23 22 23 24 23 23 22 23 23 23 24 23 23 22 20 18 18 18 18 21
0 2 4 2 1 1 2 3 5 7 8 9 8 6 3 2 1 0 1 2 3 3 0 0 1 2 0 0 0 0 1 5 6 4 1 1 3 5 6 8 10 10 8 8 7 5 7 9 12 14 15 16 15 13 14 15 17 21 22 24 23 20 17 16 15 18 20 20 21 22 22 23 22 22 21 20 20 21 22 22 22 22 22 22 23 24 25 24 22 21 20 19 17 17 18 21
0 2 5 4 3 2 2 3 4 7 8 9 9 9 8 6 4 2 2 2 2 2 4 4 4 4 3 3 1 -1 -2 -2 -2 -3 -2 -1 1 2 3 4 7 8 5 3 3 4 5 5 5 5 6 5 5 5 5 4 5 8 9 11 12 10 10 13 16 20 21 22 23 23 23 23 22 21 20 19 19 19 19 20 21 21 22 23 22 22 23 23 24 24 22 21 20 20 20 22
6 6 5 5 3 2 1 2 2 5 9 11 11 10 8 7 7 7 4 3 2 2 3 3 4 4 4 3 2 1 0 -1 -1 0 1 1 1 1 3 6 7 8 6 5 5 5 5 5 5 6 6 6 5 5 3 3 4 3 3 5 8 13 19 22 21 21 22 23 23 22 22 21 21 20 20 19 18 18 19 19 20 20 21 21 20 20 21 22 24 24 23 22 21 21 21 22
4 5 6 6 4 3 4 4 3 4 9 13 13 13 11 10 10 10 9 7 6 6 6 6 7 7 7 6 4 3 3 2 3 4 5 5 5 4 5 7 8 8 10 10 10 8 6 6 6 6 7 7 7 6 2 -1 0 -1 -1 2 8 16 24 27 25 23 22 21 21 20 20 19 19 19 19 19 19 18 17 18 19 19 20 20 19 19 19 19 21 22 22 21 20 20 19 20
6 5 4 5 4 4 4 5 7 8 11 13 13 13 12 12 12 11 10 9 7 7 8 9 10 11 11 8 6 5 5 5 5 6 9 9 9 8 7 8 10 11 12 13 12 10 10 10 8 7 8 8 8 7 3 -1 -2 0 0 3 8 13 20 25 26 23 21 20 20 19 19 18 18 18 18 18 18 17 16 17 18 18 19 19 19 18 18 18 20 21 22 21 20 20 19 19
4 3 3 3 4 6 8 12 14 16 13 14 14 14 14 16 17 16 13 11 11 10 9 9 10 10 8 7 8 7 5 6 9 10 11 11 12 11 11 10 11 12 12 13 13 12 12 12 13 12 12 11 12 13 12 8 2 -1 -1 1 3 5 9 14 17 19 19 17 17 19 19 19 18 18 18 18 18 18 18 16 16 16 17 18 17 16 17 18 19 20 20 20 20 20 19 19
0 4 4 7 11 13 14 15 16 17 15 14 13 12 12 15 16 16 15 15 12 9 8 8 9 10 10 9 10 10 9 8 11 12 11 12 14 15 14 12 12 13 15 15 14 12 11 11 11 12 13 13 13 15 17 17 11 4 3 1 2 1 2 6 9 13 15 17 17 18 18 18 17 16 16 16 15 14 14 14 13 13 15 15 14 14 16 17 17 19 20 19 20 20 19 18
0 10 10 13 16 17 16 16 16 14 11 11 11 11 13 14 15 15 15 16 15 12 10 10 8 7 8 9 9 9 9 9 11 13 14 15 16 17 17 17 17 16 16 15 14 13 13 13 12 13 14 15 15 14 16 18 16 10 8 6 7 6 5 6 5 6 10 15 16 16 16 16 15 14 14 13 14 14 13 11 10 11 13 15 15 14 15 16 16 17 18 19 20 20 20 19
0 17 17 16 16 15 14 14 13 12 12 12 12 12 13 14 14 14 14 14 14 14 14 13 11 10 8 7 8 9 10 11 12 13 15 15 16 17 18 17 17 16 15 14 17 16 14 14 15 15 15 16 16 15 14 14 15 14 13 11 9 6 3 2 1 1 6 11 10 10 11 13 14 14 14 15 15 13 12 12 11 11 13 14 14 13 14 15 14 14 15 16 17 18 20 18
0 13 14 15 16 15 14 13 13 13 13 13 13 13 14 14 14 14 15 15 14 13 15 15 15 12 9 7 7 8 10 11 12 14 15 15 16 16 16 16 17 17 17 15 14 14 13 14 16 17 17 18 17 15 14 13 14 14 14 14 12 9 7 6 7 6 7 7 5 6 9 12 13 13 14 14 13 13 13 12 11 11 10 10 10 10 10 11 11 11 12 13 14 15 17 17
0 13 13 14 15 14 14 14 13 14 14 14 14 13 14 15 14 13 15 16 15 14 15 15 15 13 11 9 8 9 10 11 12 13 15 15 16 16 16 16 17 18 16 15 14 14 13 14 16 17 17 18 18 15 14 14 14 15 15 14 13 13 13 11 10 10 11 8 4 5 7 11 13 14 15 15 14 13 13 12 12 12 10 9 8 7 7 8 9 10 10 11 12 13 15 15
0 14 14 14 14 15 14 14 14 15 15 15 15 15 15 15 13 11 12 16 17 16 15 15 15 15 14 13 12 12 12 13 14 15 15 15 16 16 17 18 19 19 17 16 15 13 13 13 15 16 17 17 17 16 14 14 14 14 14 14 13 13 14 13 12 13 14 11 7 4 5 8 12 14 15 15 14 13 12 11 10 10 9 8 8 7 6 7 7 8 8 8 10 10 10 10
0 14 13 14 13 14 15 15 17 17 17 17 17 18 18 17 18 18 16 15 15 16 16 16 15 14 14 15 14 14 13 13 15 16 17 17 16 15 15 17 18 18 18 16 16 16 15 15 16 17 18 18 19 17 15 13 12 13 13 14 15 14 12 11 11 13 15 13 10 8 7 7 10 15 16 14 13 13 12 10 10 10 9 8 7 7 6 7 7 7 6 6 8 8 9 8
0 15 15 16 15 16 17 18 19 20 20 20 20 20 19 20 19 19 19 16 16 19 18 18 16 15 15 15 14 13 12 13 15 16 16 16 16 15 15 16 16 16 14 14 15 16 18 17 15 14 15 17 18 18 19 17 16 15 15 14 15 14 13 12 13 13 13 13 14 12 10 7 5 7 11 12 11 13 12 11 9 9 8 6 5 5 6 7 7 7 7 6 6 6 6 6
0 15 16 17 18 18 18 19 19 19 20 20 21 22 22 22 21 21 20 18 18 19 20 20 18 17 18 17 15 14 12 13 14 15 14 14 15 16 16 16 15 14 14 12 12 15 17 17 16 15 14 15 16 15 16 17 18 17 16 15 14 13 13 13 12 11 10 11 12 15 14 10 6 5 7 9 8 10 11 10 9 9 8 7 7 6 7 7 7 7 8 7 7 7 7 8
0 15 15 15 14 15 16 17 19 20 21 21 21 22 23 23 24 23 21 19 18 19 21 21 22 21 20 19 17 16 16 16 15 15 15 16 17 17 16 15 14 14 15 15 16 17 17 16 15 15 15 18 20 20 19 20 18 19 19 17 15 13 13 12 11 10 11 11 11 13 13 14 11 7 5 5 4 5 6 8 9 9 8 8 8 8 8 8 9 8 8 7 7 7 8 11
0 14 14 15 14 15 16 17 20 22 21 21 21 22 22 23 23 23 21 19 19 19 21 22 23 22 20 19 18 18 17 17 17 17 17 17 18 17 16 15 14 13 16 18 19 18 17 17 16 16 15 17 19 20 21 20 18 17 17 16 14 13 13 12 11 11 12 11 11 11 12 13 10 7 6 5 3 3 5 7 7 7 7 7 7 7 7 8 9 8 8 7 6 6 6 8
