HoopoePrediction/HoopoePrediction/bin/Debug/net5.0/Resources/sh_dem_3.asc
ncols        1437
nrows        1174
xllcorner    8.580972222000
yllcorner    53.865081671284
cellsize     0.000507809480
[rows 576 to 647 of 1174, columns 1152 to 1247 of 1437]
6 6 6 6 6 6 7 7 9 10 11 11 11 12 12 11 11 11 11 11 12 12 11 12 13 12 12 11 12 12 11 10 11 11 10 9 9 9 8 8 8 8 9 9 9 9 9 11 11 10 11 14 14 15 19 23 25 27 28 26 22 20 20 23 25 27 28 29 28 26 26 26 25 23 22 22 23 24 24 23 22 23 22 22 23 24 26 27 28 28 28 28 28 28 28 28
7 7 7 7 7 7 8 9 9 10 10 10 11 11 11 12 12 12 13 13 12 11 10 9 10 10 10 10 10 10 9 9 10 10 10 10 10 9 8 7 7 7 8 8 8 8 8 9 9 9 10 12 12 14 17 18 20 21 20 18 17 16 17 19 20 21 22 23 26 28 29 27 23 20 21 21 21 22 23 21 20 20 21 23 23 23 23 24 26 27 26 27 26 26 26 27
7 7 7 8 9 9 9 9 8 9 10 11 11 12 11 12 13 14 15 14 12 11 10 9 8 7 7 7 7 7 8 8 8 9 8 7 8 8 6 4 4 5 6 6 6 7 7 7 7 7 8 8 8 8 10 13 15 16 16 14 11 11 10 11 12 16 18 18 20 21 21 20 20 20 20 20 21 22 21 19 18 18 19 21 20 21 22 22 23 23 24 24 23 23 25 25
7 7 8 8 7 7 8 9 9 9 10 10 11 12 12 12 12 12 13 11 10 9 8 7 7 6 5 5 4 4 5 6 5 4 4 4 5 4 4 5 5 5 6 6 5 5 5 6 7 7 7 7 7 7 7 10 12 13 12 11 9 8 10 10 10 12 15 16 14 13 14 15 15 16 17 17 18 17 18 17 17 17 17 19 21 21 20 20 19 20 20 20 22 23 24 24
7 7 7 7 7 7 8 9 10 10 10 10 10 10 11 12 12 12 11 10 9 8 7 7 7 6 5 4 3 3 3 4 4 4 4 3 2 2 2 4 4 4 5 6 5 5 5 6 7 7 6 6 6 6 5 7 8 8 8 8 8 8 10 11 11 13 15 16 14 13 13 14 14 15 16 16 16 15 16 16 17 16 17 19 21 21 18 18 18 19 20 20 21 22 24 24
6 6 5 6 6 6 7 8 9 9 8 9 9 10 10 9 8 8 7 7 6 5 5 5 5 4 3 2 2 2 2 3 3 3 4 2 1 2 3 3 3 4 5 6 6 5 4 3 5 6 6 6 6 7 7 7 7 6 7 7 7 7 8 9 9 10 11 11 11 12 13 14 14 14 14 14 13 14 14 15 16 16 16 16 17 18 19 19 19 19 19 20 20 21 23 25
5 5 4 4 5 5 6 6 6 7 8 7 5 6 6 5 5 5 5 5 4 3 3 3 2 2 2 1 1 1 1 2 3 3 3 2 2 2 2 3 3 3 4 4 4 4 5 4 5 7 8 8 8 7 8 9 9 8 7 7 7 7 8 8 8 9 10 10 11 11 11 12 13 13 12 12 12 12 13 14 15 16 16 17 19 20 20 20 20 20 20 21 22 22 23 23
4 3 3 4 4 4 5 6 7 7 7 6 4 4 4 4 3 3 3 3 3 2 2 1 0 1 1 1 1 1 1 2 2 2 3 2 2 3 3 4 4 3 4 5 6 7 7 7 7 7 7 8 8 8 9 10 10 9 9 9 8 8 8 9 9 10 11 10 10 10 10 11 13 14 15 15 14 13 12 14 16 17 17 19 20 21 23 23 22 21 22 22 22 23 23 23
4 4 5 4 3 3 4 5 6 5 4 4 4 3 2 2 3 3 4 3 2 2 3 2 2 2 2 0 0 0 1 2 2 2 2 2 2 3 4 4 4 4 5 6 7 7 8 8 8 8 8 9 9 9 10 10 10 10 9 10 9 9 9 10 10 10 10 11 12 11 11 11 12 12 12 12 13 13 14 16 19 20 21 21 20 20 22 22 22 21 22 22 23 24 23 23
4 5 6 5 3 3 3 4 5 4 3 2 3 2 1 1 2 2 3 3 2 2 3 2 1 2 1 0 0 0 1 2 1 2 3 2 2 3 3 3 3 4 5 6 6 7 7 7 8 8 8 9 9 8 9 10 10 11 10 10 10 9 10 10 10 10 10 11 12 12 11 11 12 11 10 11 12 13 15 17 19 20 21 22 21 21 22 22 23 22 22 22 23 24 23 23
3 4 4 3 2 1 0 1 2 2 1 0 0 0 -1 -1 0 0 0 0 1 1 1 1 1 1 1 1 1 1 2 2 2 2 3 3 2 2 1 2 3 5 7 8 10 11 10 9 8 9 10 11 10 9 9 10 11 12 12 12 12 13 12 11 11 10 10 11 12 11 11 11 12 12 12 12 13 14 16 19 21 22 23 25 23 23 24 24 25 25 24 24 24 23 25 26
4 3 2 2 1 0 -1 0 1 2 3 2 1 1 1 1 2 2 1 0 0 0 1 2 3 3 3 2 1 1 2 3 3 2 2 3 2 2 1 2 3 4 5 7 8 9 9 8 8 8 8 8 8 9 9 9 10 11 12 12 12 12 12 12 12 13 13 12 12 12 12 12 14 16 17 17 17 17 18 20 21 22 24 25 25 25 25 25 25 25 25 25 25 25 26 26
5 4 4 3 1 1 1 1 2 1 1 0 -1 -2 -1 1 2 1 0 -1 -1 -1 0 1 3 4 3 3 3 3 1 0 0 1 1 2 2 1 2 3 3 3 3 4 5 6 6 6 6 5 6 6 6 6 8 9 10 10 11 11 10 11 12 12 12 12 13 13 13 13 14 19 21 18 19 19 20 21 22 22 22 23 24 25 26 26 26 26 26 26 26 26 26 26 26 27
4 4 4 3 3 3 2 2 2 1 0 0 0 -1 1 2 1 0 -1 -1 1 2 3 2 1 0 0 1 2 2 2 1 1 1 2 3 3 2 1 2 2 2 2 2 3 3 2 3 3 3 4 5 5 5 6 7 8 9 10 11 10 10 11 11 11 11 11 12 13 15 21 25 26 25 24 23 22 23 24 25 25 25 26 27 27 27 27 27 27 27 27 28 28 28 29 29
4 4 3 3 3 3 2 1 0 -1 -1 0 0 0 0 -1 -1 -1 0 -1 -1 1 2 2 1 1 0 0 0 0 1 2 2 2 2 2 2 2 1 1 1 2 2 2 2 2 3 5 6 5 5 5 5 6 5 5 5 7 8 8 8 8 9 9 9 10 11 14 20 23 27 30 29 28 28 28 27 27 28 28 28 27 26 27 29 28 28 28 28 29 29 28 28 28 27 27
2 2 2 2 3 3 2 1 0 -1 -1 0 0 -1 -1 -1 -1 -1 0 0 0 1 2 1 2 2 1 0 -1 -1 0 1 2 2 2 1 1 1 1 1 1 1 1 2 2 3 4 6 5 3 4 5 5 5 4 4 5 6 7 7 7 8 8 8 8 9 12 16 22 25 29 30 29 28 29 29 29 28 29 30 28 27 27 27 28 28 28 28 28 29 29 28 28 28 28 27
1 1 1 1 1 1 0 -1 -1 -1 -1 0 1 1 -1 -2 -1 -1 0 1 1 2 2 1 0 1 1 0 1 1 2 2 2 2 1 1 1 1 1 0 0 0 -1 -1 1 1 2 4 4 2 2 3 3 4 6 7 8 8 8 8 8 8 7 8 8 9 13 18 24 26 28 28 27 28 30 30 31 31 33 33 30 27 27 28 28 29 29 29 29 30 29 30 30 30 30 28
0 -1 -1 -1 -1 -1 -1 -1 0 0 -1 -1 0 0 0 0 1 1 1 0 0 0 1 1 0 0 1 1 -1 -1 0 0 1 2 1 1 1 1 1 0 0 0 0 1 2 2 1 3 4 3 2 3 3 4 5 7 8 9 9 9 9 8 7 7 8 9 12 17 22 25 27 28 28 29 29 29 29 30 33 33 31 29 33 34 34 32 31 31 30 30 30 31 31 30 31 29
-2 -1 0 0 0 0 0 -1 0 0 0 0 0 0 1 1 0 0 0 0 0 0 0 1 1 2 2 2 1 1 1 0 0 0 1 1 1 0 0 0 0 0 0 1 1 0 0 1 2 2 2 2 2 3 5 7 9 10 9 9 10 10 9 9 9 10 9 12 17 19 22 25 28 29 29 28 27 26 27 31 36 38 39 40 38 34 29 29 29 30 31 32 32 31 32 32
0 0 -1 -1 -1 -1 0 1 1 0 -1 0 -1 -1 -1 0 0 0 0 0 0 -1 0 1 2 2 1 0 1 1 1 0 0 0 0 0 0 0 0 0 0 0 -1 -1 0 1 2 2 2 2 2 3 3 5 7 8 10 13 15 15 13 13 11 10 10 9 9 12 14 15 16 18 20 23 24 24 24 26 28 30 34 36 38 39 38 34 30 29 28 29 31 32 32 31 33 33
-1 -1 -2 -1 -1 -1 -1 0 0 -1 -1 -1 -1 -1 -1 -1 -1 -1 -1 0 -1 0 0 0 0 -1 -1 1 1 1 0 1 1 1 1 0 0 0 0 1 1 1 1 1 1 1 1 2 3 4 4 5 5 8 11 13 13 16 18 21 19 14 12 11 11 12 13 15 16 15 14 14 15 17 19 21 25 27 28 29 30 29 32 35 38 38 36 35 32 31 32 33 34 33 33 33
-1 -1 -1 -1 -1 -1 -1 -1 -1 -1 -1 0 -1 -1 -2 -2 -1 -1 -1 0 -1 0 0 0 0 -1 -1 0 0 0 0 0 1 1 1 0 1 0 0 1 1 1 2 2 2 2 3 3 4 5 5 5 6 8 11 13 15 17 19 22 22 17 13 12 12 12 13 14 14 15 14 15 15 16 19 21 25 27 27 28 28 27 29 33 36 38 37 36 35 34 35 36 35 34 33 33
-1 -2 -1 -1 -1 -1 -1 -2 -1 0 0 0 -1 -2 -3 -2 -1 -1 0 0 0 0 0 0 0 1 1 1 0 0 0 0 0 0 1 0 -2 -1 0 0 0 1 1 1 2 3 3 2 3 4 5 6 6 6 8 10 12 14 17 22 25 25 21 16 16 15 14 14 13 13 14 16 17 19 23 25 28 29 29 28 27 26 25 27 30 34 34 34 34 35 37 39 39 38 36 35
-1 -1 0 -1 -1 -1 0 0 0 0 0 -1 -1 0 -1 -1 -1 -1 -1 -1 -2 -2 -1 0 -1 0 1 1 1 1 0 0 0 0 1 1 -1 -2 0 1 1 1 2 1 1 0 1 2 4 5 6 7 7 8 7 7 9 13 17 25 24 22 23 25 26 24 18 15 15 15 17 17 18 19 20 22 27 29 30 30 29 28 27 29 31 33 32 31 30 30 32 33 35 37 40 42
-1 -1 -1 0 0 0 0 0 0 -1 -1 -1 -1 -2 -1 0 0 0 0 0 -1 -1 0 0 -1 -1 1 1 2 2 2 0 -1 -1 0 0 -2 -3 -1 1 1 1 1 1 0 0 1 2 3 5 7 8 8 8 8 8 9 11 13 15 16 17 18 20 23 26 23 18 16 17 18 20 22 23 24 25 26 28 30 31 33 34 35 35 33 31 29 29 28 29 30 31 32 34 38 41
-3 -2 -2 -1 0 0 -1 -2 -2 -2 -1 -1 -2 -2 -2 -1 -1 -1 0 0 0 0 0 0 0 1 3 3 3 3 3 2 0 -1 -2 -1 0 -1 0 1 1 0 -1 0 1 2 2 2 2 4 5 6 6 7 8 9 9 9 10 12 13 14 15 18 21 26 28 25 22 21 20 22 23 28 30 30 29 29 29 30 32 33 37 39 37 34 32 31 30 31 33 34 32 31 31 33
-2 -2 -2 -1 -1 -1 -1 -2 -1 0 -1 -1 -2 -2 -1 0 0 0 0 0 0 0 -1 0 0 1 2 2 2 2 3 4 4 2 0 -1 0 1 0 0 0 1 1 0 1 2 2 3 3 4 5 6 6 6 7 8 10 11 12 14 15 16 20 23 24 27 28 28 28 29 28 24 27 34 39 40 42 42 40 38 37 38 40 43 42 38 34 33 32 36 43 46 47 48 47 44
-2 -2 -1 -1 -1 -1 -2 -2 -1 -1 -2 -2 -3 -3 -2 0 0 0 0 0 0 0 0 0 1 1 1 1 2 3 4 4 3 2 1 1 1 1 0 -1 -1 0 0 1 1 1 1 2 4 4 5 6 6 6 7 9 13 16 18 19 20 21 22 23 23 25 26 27 28 29 31 30 30 35 39 41 43 44 43 43 41 39 39 42 43 40 35 34 34 38 45 48 49 49 51 48
-1 -2 -1 -2 -2 -2 -2 -2 -1 -1 -1 0 0 -1 -1 -2 -3 -3 -2 -1 0 0 0 0 1 1 0 0 2 2 3 2 2 1 2 1 -1 0 1 0 0 0 0 1 2 3 3 2 3 4 5 5 5 5 8 13 19 22 23 24 23 23 22 21 21 21 21 22 24 25 28 31 36 40 42 43 44 44 45 43 40 38 37 40 43 44 41 40 40 44 48 52 54 55 54 52
-1 -1 -1 -1 0 0 0 0 -1 -2 -2 -1 -1 -1 -1 -2 -1 -1 -1 -1 -1 0 0 1 2 1 1 0 -1 -1 0 0 0 -1 -2 -2 -2 -1 0 0 0 1 1 2 3 4 3 2 3 3 2 3 3 5 9 16 22 25 26 26 23 21 19 16 16 17 17 18 21 23 27 31 36 39 41 42 43 42 42 40 39 38 38 40 45 47 48 48 47 48 51 54 56 57 57 58
-1 -2 -2 -2 -1 -1 -1 -1 -2 -1 -1 -1 -2 -1 0 0 -1 -1 -2 -2 -2 -1 0 1 2 2 0 -1 -1 -1 0 1 2 2 1 1 1 1 0 0 0 1 1 1 2 3 3 4 4 3 3 6 7 11 15 18 22 24 25 25 21 19 18 14 14 15 16 17 19 21 23 26 31 36 36 36 36 36 37 40 41 40 42 46 49 50 52 52 53 55 57 58 58 59 59 58
-2 -2 -2 -1 -1 -1 -2 -3 -3 -2 -1 -1 -2 -1 1 1 -1 -1 -1 -2 -2 -2 -1 0 0 0 0 0 0 0 0 0 1 1 0 0 0 1 0 0 0 1 2 1 2 3 3 4 5 5 7 10 11 15 18 19 20 21 21 21 20 17 17 17 18 20 20 19 19 21 25 27 28 28 30 31 33 34 35 37 39 40 42 46 50 51 52 53 54 54 56 57 58 58 57 57
-2 -3 -2 -1 -1 -1 -2 -3 -3 -2 -2 -1 -1 -1 0 -1 0 0 -1 -1 -2 -2 -1 0 0 0 0 0 0 0 0 0 0 1 1 0 1 2 1 1 1 2 2 1 3 4 3 4 4 4 6 9 10 13 17 20 21 21 21 22 21 18 16 18 19 21 22 21 22 23 27 27 26 26 28 30 33 34 34 35 37 39 43 46 49 51 53 53 54 54 55 57 56 55 56 56
-3 -3 -2 0 0 0 -1 -2 -3 -3 -2 -1 -1 -1 -1 -2 -1 -1 -1 -2 -1 -1 -1 0 0 -1 -1 -1 -1 -1 -1 0 0 0 1 1 1 1 0 1 1 3 4 3 3 4 4 4 5 6 8 9 9 11 14 17 20 21 22 23 22 22 19 18 19 23 25 26 26 26 26 26 27 29 28 28 30 32 33 34 36 37 41 43 45 46 50 51 53 54 55 54 52 51 53 55
-2 -1 -1 -1 -1 -1 -1 -1 -2 -2 -2 -1 -1 -1 -1 -2 -1 -1 -2 -2 -2 -1 0 -1 -1 -1 -1 -1 -1 -1 -1 -1 0 1 2 2 2 2 1 0 0 1 3 4 5 4 4 5 7 8 7 8 8 9 11 13 15 18 19 21 24 25 26 26 25 24 25 26 27 26 25 25 27 30 31 31 31 33 36 37 37 36 38 39 41 43 46 46 48 49 50 50 48 47 48 50
-2 -2 -1 -1 -1 -1 -1 -1 -2 -2 -2 -1 -1 0 0 0 0 0 -1 -1 -2 -2 -1 -1 -1 -2 -2 -2 0 0 0 -1 0 0 0 0 0 0 3 4 4 3 4 5 5 5 5 5 6 6 7 8 9 10 11 12 13 15 17 24 29 30 30 30 30 29 29 29 29 28 28 29 31 32 33 33 34 35 36 36 36 36 37 37 39 40 42 43 45 46 44 43 44 44 44 46
-2 -2 -1 -2 -2 -2 -1 -1 -1 -1 -1 -1 0 -1 -1 -2 -2 -2 -1 -1 -2 -2 -1 -1 -1 -2 -2 -1 -1 -1 -1 -1 -1 0 -1 0 0 0 2 4 4 4 4 4 5 6 6 7 8 8 8 8 8 10 11 12 12 15 17 25 29 30 31 32 32 32 31 32 33 32 33 32 31 30 30 31 33 33 34 33 33 33 35 37 40 42 44 44 45 46 47 46 46 47 47 46
-2 -2 -1 -1 -1 -1 -1 -2 -1 0 -1 -1 -1 -1 -1 -1 -2 -2 -2 -2 -3 -3 -2 -2 -3 -4 -3 -2 -2 -2 -2 -2 -1 0 1 1 3 3 2 4 4 4 4 4 4 6 7 9 10 11 10 9 9 10 10 11 12 14 16 22 28 30 30 31 32 33 34 34 32 31 30 29 28 27 28 28 29 28 28 29 32 33 38 41 42 42 42 42 43 45 48 49 49 49 48 48
-2 -1 -1 0 0 0 -1 -1 -1 0 0 -1 -1 -1 -2 -2 -2 -2 -2 -2 -3 -3 -2 -2 -3 -4 -3 -2 -1 -1 -1 -1 0 1 2 2 3 3 2 2 2 3 3 3 4 5 6 8 9 10 11 11 11 11 11 12 15 19 21 25 28 29 29 30 31 33 34 33 31 29 28 29 28 27 28 28 28 28 28 31 35 37 41 42 41 41 41 41 42 44 47 48 48 47 48 49
-2 -1 0 -1 -1 -1 -1 -1 -1 0 0 0 0 0 -2 -2 -2 -2 -2 -2 -2 -2 -2 -2 -2 -2 -2 -1 -1 -1 0 1 1 2 2 3 3 3 2 2 2 3 3 3 4 5 5 6 8 11 16 19 18 15 15 19 23 27 28 28 30 31 31 31 31 32 33 31 28 27 28 28 27 26 27 28 29 29 29 34 39 41 43 43 43 45 44 44 45 46 47 46 47 49 52 53
-1 -1 0 -1 -2 -2 -2 -2 -2 -2 -1 0 0 0 0 -1 -1 -1 -2 -3 -3 -2 -2 -2 -1 0 1 1 0 0 0 0 0 1 2 2 1 2 3 4 4 3 3 4 5 6 7 9 9 11 16 22 23 24 25 26 26 25 26 27 30 31 32 33 33 34 34 34 33 33 33 31 27 26 26 28 31 35 38 40 41 42 43 45 46 48 48 47 46 46 47 47 49 50 50 49
-1 -2 -2 -1 -2 -2 -3 -3 -3 -2 -2 -1 -1 -1 0 -1 -2 -2 -1 0 -1 -1 -1 -2 -1 0 0 0 0 0 0 -1 1 3 4 5 5 5 5 5 5 5 4 4 5 6 6 6 6 8 14 18 18 20 22 23 22 24 25 26 27 28 31 33 33 31 30 30 32 34 35 34 33 28 25 27 33 39 40 41 42 42 42 45 46 47 47 46 45 45 45 45 47 48 47 46
-1 -1 -1 -1 -1 -1 -2 -3 -3 -3 -2 -2 -2 -3 -2 -3 -3 -3 -2 -2 -1 -1 -2 -3 -3 -2 -1 1 2 2 2 2 3 4 5 6 6 6 6 6 6 6 5 4 3 4 5 6 6 7 9 11 11 12 13 15 18 22 25 25 24 27 30 31 31 32 29 26 26 28 29 29 28 25 26 29 36 39 38 37 36 37 38 42 44 44 45 45 44 44 43 44 45 45 44 45
-2 -1 -1 -1 -1 -1 -1 -2 -1 -1 -2 -2 -2 -2 -2 -1 -1 -1 -1 -2 -2 -2 -2 -3 -3 -1 -1 1 3 3 3 2 4 6 7 8 9 8 7 7 7 7 7 6 5 4 5 5 6 6 6 6 6 7 9 11 15 17 18 15 18 24 27 28 28 27 25 24 25 26 26 25 23 26 31 33 37 38 37 36 37 38 40 41 41 43 43 43 42 42 41 40 41 41 42 43
-2 -1 -1 -1 -1 -1 -1 -1 -2 -2 -2 -2 -2 -2 -2 -2 -1 -1 -1 -2 -1 -1 -2 -2 -2 -1 0 1 2 3 4 4 4 6 7 8 9 8 8 7 7 7 8 7 6 6 5 6 6 7 6 6 6 6 8 9 12 15 16 14 18 23 24 26 26 26 26 25 24 25 24 23 24 29 33 34 37 38 38 38 39 40 40 40 40 41 41 41 42 42 41 40 40 40 40 42
-2 -2 -2 -2 -2 -2 -3 -3 -3 -2 -2 -2 -2 -2 -2 -3 -3 -3 -3 -2 -2 -2 -3 -2 0 1 1 2 4 4 5 6 6 6 7 8 9 9 9 8 8 7 8 8 7 7 7 8 8 9 8 7 7 6 7 8 9 9 9 11 14 17 17 18 19 22 23 23 21 20 20 20 24 29 34 35 38 39 39 39 40 39 39 39 39 39 38 38 39 40 39 39 39 38 38 41
-2 -1 -1 -2 -2 -2 -3 -3 -2 -1 -2 -2 -2 -2 -2 -2 -3 -3 -3 -2 -2 -2 0 1 1 1 1 3 5 5 6 7 8 8 9 9 11 11 11 9 9 9 10 9 9 9 9 9 8 8 8 9 9 8 7 8 9 8 9 10 10 9 9 11 13 17 19 18 16 15 19 23 28 31 33 34 36 37 38 39 40 40 39 37 38 37 37 37 38 38 36 34 32 32 37 39
-2 -1 -1 -1 -3 -3 -3 -2 -2 -2 -2 -3 -3 -3 -2 -3 -3 -3 -3 -2 -1 0 1 2 2 3 6 8 9 8 7 9 10 11 12 12 12 12 11 10 10 10 10 9 8 9 10 10 9 8 8 9 9 10 9 8 10 11 12 12 11 10 10 10 10 12 13 14 13 13 16 20 26 29 29 29 31 34 35 36 37 37 36 36 37 36 36 35 34 34 32 31 33 35 35 32
-1 -1 -1 -1 -2 -2 -2 -3 -2 -2 -3 -3 -2 -2 -2 -2 -2 -2 -2 -1 0 1 1 1 3 4 6 9 10 10 9 11 12 13 13 13 13 13 11 11 11 11 11 11 10 10 10 10 10 11 10 10 10 10 10 11 11 13 14 13 12 13 12 12 12 12 13 13 14 15 15 16 19 23 25 25 25 27 30 32 33 33 33 31 31 28 26 26 25 25 26 26 26 27 27 26
-1 -1 -1 -1 -1 -1 -2 -3 -3 -3 -3 -3 -3 -3 -2 -2 -2 -2 -2 -1 1 2 3 4 4 5 7 9 10 11 12 12 13 13 12 11 14 14 13 13 13 12 11 11 10 10 11 10 12 12 12 11 11 12 14 15 15 15 14 14 14 14 15 16 16 16 16 18 19 18 15 14 15 17 19 20 21 22 23 24 25 25 27 24 22 20 19 19 21 23 23 23 22 23 24 25
-2 -2 -1 -2 -2 -2 -2 -3 -3 -2 -2 -2 -3 -2 -2 -2 -2 -2 -1 -1 0 2 4 5 7 7 9 10 12 12 13 12 13 14 13 11 13 14 13 12 12 12 12 12 11 11 12 11 11 12 12 12 12 13 14 15 14 13 13 15 14 13 15 18 18 18 17 17 18 18 16 15 15 15 17 19 22 23 23 21 20 19 20 18 17 19 20 20 22 23 23 23 22 23 25 25
-1 -1 -1 -2 -2 -2 -2 -2 -2 -1 -1 -2 -2 -2 -1 0 0 0 -1 -1 1 3 5 6 8 9 9 11 14 14 14 13 14 15 15 13 13 13 12 13 13 13 13 13 12 12 13 13 12 12 13 13 13 13 14 14 14 14 15 16 17 17 18 19 19 19 18 17 18 18 18 17 17 16 18 19 20 21 22 20 18 17 17 18 19 20 22 23 24 24 23 24 25 25 26 26
0 0 -1 -2 -2 -2 -2 -3 -2 -2 -2 -1 -1 -2 -1 -1 -1 -1 0 1 3 4 5 6 7 9 9 10 13 13 13 13 13 14 14 13 12 13 14 16 16 15 14 13 12 14 15 15 15 15 14 13 13 14 14 15 16 17 18 18 17 18 17 17 17 17 17 17 18 19 19 19 19 19 19 19 19 19 19 19 18 18 18 19 21 21 21 22 23 24 24 26 27 28 30 35
0 0 0 -1 -1 -1 -1 -2 -1 -2 -2 -1 0 -1 -1 -1 -1 0 1 2 3 3 4 5 6 7 8 10 10 10 10 11 12 13 14 14 13 12 12 13 13 14 15 13 12 12 13 14 16 15 15 14 14 14 15 16 17 17 16 16 16 17 17 18 18 19 19 19 19 19 18 19 20 21 20 20 19 19 20 20 20 20 20 20 21 23 24 24 23 24 25 26 30 33 37 38
-1 -1 -1 -1 -1 -1 -2 -3 -3 -3 -3 -3 -2 -2 -1 -1 0 0 0 2 3 2 2 3 5 5 6 8 9 9 10 11 12 12 12 13 14 13 12 13 13 14 15 16 15 14 14 15 16 16 17 17 17 17 16 16 16 17 17 16 15 14 15 17 17 18 18 19 19 19 19 19 18 18 20 20 20 19 19 19 19 19 20 21 22 22 24 24 26 27 28 29 32 34 36 36
-1 -1 -1 -1 -1 -1 -2 -3 -3 -3 -3 -2 -2 -2 -1 -1 0 0 1 1 2 2 4 5 7 9 10 9 9 9 10 11 12 13 13 14 15 14 14 14 14 14 15 16 15 15 16 16 16 17 17 17 17 18 17 17 17 17 17 18 16 14 15 17 18 19 19 19 19 19 19 18 16 16 19 19 20 19 19 18 19 19 20 21 22 23 24 25 26 27 28 29 32 34 34 33
-1 -1 -2 -2 -2 -2 -2 -2 -2 -2 -1 -1 -2 -1 -1 -1 3 5 9 11 13 14 16 18 19 20 19 14 11 11 12 13 14 15 15 14 15 15 16 15 15 14 15 16 16 16 17 17 18 18 18 19 19 18 18 18 17 17 18 19 18 17 18 19 19 19 20 19 19 20 19 17 16 16 16 17 18 19 18 17 18 19 19 20 21 22 24 24 25 25 26 29 34 37 37 39
-2 -2 -2 -2 -2 -2 -2 -2 -1 -1 -1 -1 -2 -2 -1 1 5 7 11 13 15 16 17 18 19 19 17 14 12 12 13 13 15 16 16 16 16 15 15 15 16 17 18 18 18 18 18 19 18 18 18 19 19 19 19 18 17 17 18 18 19 19 18 19 19 20 19 18 19 19 17 16 16 16 16 16 16 16 15 16 17 17 18 20 22 21 23 23 24 26 27 28 30 32 35 38
-2 -1 0 -1 -1 -1 -1 -1 -1 -1 -1 -1 -1 -1 1 3 6 7 9 10 11 10 11 12 14 13 11 11 11 11 12 13 13 14 15 17 17 17 17 18 18 19 20 19 18 17 17 17 18 18 17 17 17 17 17 18 18 18 19 18 18 18 17 17 17 17 18 17 17 17 16 16 15 16 16 16 17 17 17 17 18 19 19 21 23 23 23 23 23 25 27 28 29 30 32 33
-3 -2 -1 0 0 0 -1 -1 -1 0 0 1 0 -1 -1 0 3 4 5 5 5 6 7 7 8 10 11 12 13 13 12 13 14 15 16 17 18 18 19 18 18 19 20 20 20 19 18 18 18 18 17 16 16 16 16 16 17 17 17 16 15 14 14 14 14 15 15 14 13 14 14 14 15 16 17 17 18 18 19 19 20 19 18 20 21 22 22 22 23 24 25 26 28 29 31 31
-2 -2 -1 -2 -2 -2 -1 -1 -2 -2 -2 -2 -1 -1 1 0 -1 0 2 3 4 4 6 7 8 9 12 14 17 17 16 15 15 15 16 17 17 17 17 17 17 18 19 19 19 20 19 17 16 15 14 14 14 14 14 14 14 14 14 14 12 12 13 14 14 14 15 14 13 13 15 16 17 17 17 17 18 19 20 21 22 23 23 23 23 23 24 25 26 26 26 28 30 32 33 32
-2 -1 -1 -2 -3 -3 -2 -1 -2 -2 -2 -2 -1 0 1 0 -1 0 2 3 4 5 7 9 10 12 16 17 18 18 16 15 15 15 15 15 16 16 16 17 17 17 17 18 18 18 18 16 15 15 14 12 12 12 12 12 13 13 13 13 12 12 13 14 14 14 14 14 14 15 16 17 17 18 18 18 18 19 20 21 21 22 23 23 24 24 25 26 28 29 30 29 31 32 32 31
-3 -2 -1 -2 -3 -2 -1 -1 -1 -2 -1 -1 0 0 0 0 1 2 3 3 6 10 14 16 17 18 19 21 19 18 15 13 13 14 15 17 16 16 16 17 17 18 17 17 16 15 16 16 16 18 19 18 18 15 12 11 10 10 9 9 9 9 11 12 12 12 13 13 12 13 15 17 18 18 17 17 19 20 21 22 21 21 21 22 23 25 26 26 27 28 29 29 29 31 33 34
-2 -2 -2 -1 -1 -1 0 -1 0 0 1 0 0 0 -1 0 1 1 2 3 7 12 16 18 18 19 21 21 20 19 16 14 13 14 15 15 16 16 17 18 18 17 16 17 18 20 21 24 28 27 25 22 20 15 12 11 10 9 9 9 9 9 10 10 10 11 12 13 12 13 15 15 16 17 17 17 17 18 19 19 20 20 22 23 23 24 25 25 25 29 32 32 29 28 31 33
-2 -2 -2 -1 -1 -1 -1 -1 0 0 0 -1 -1 -1 -2 -1 0 0 0 0 4 9 14 17 19 20 21 20 20 20 18 15 14 14 14 14 15 16 16 16 16 17 16 17 20 23 24 26 26 23 20 18 17 12 8 7 7 8 8 8 9 10 10 11 12 13 14 14 14 14 13 14 16 18 19 19 19 19 19 20 20 20 21 22 22 23 24 24 27 33 38 40 39 38 40 39
-4 -3 -1 -1 -2 -2 -1 0 1 1 0 0 -1 -1 -1 -1 -1 -1 -1 1 5 9 12 14 16 17 17 17 17 17 17 16 17 17 17 15 16 16 16 15 15 16 20 24 26 27 26 26 26 25 17 9 8 7 6 5 5 5 6 8 10 12 13 13 13 13 14 14 14 14 14 16 18 20 20 20 19 20 19 19 19 20 22 23 24 25 26 26 28 33 38 41 42 43 44 44
-3 -1 0 0 -2 -2 -1 -1 0 1 1 0 -2 -3 -2 -2 -1 -1 1 2 3 4 5 6 6 9 10 11 14 14 14 13 14 15 15 13 14 16 17 16 17 20 24 25 26 25 25 23 20 19 14 9 9 7 6 5 5 6 7 9 12 13 13 14 14 14 15 16 15 15 16 18 19 21 21 21 21 21 21 21 22 23 25 26 26 27 27 27 28 32 38 42 44 45 45 46
-4 -1 0 0 -1 -1 -1 -1 0 0 0 0 -1 -3 -2 -1 0 0 1 2 2 2 2 2 4 6 6 6 10 11 12 11 13 14 14 12 12 15 15 14 15 18 21 23 23 23 23 21 17 14 10 8 8 7 7 6 5 7 8 10 12 13 14 14 14 15 15 16 15 14 16 18 18 20 20 20 21 22 21 22 23 24 26 27 28 28 28 28 29 32 38 42 45 46 47 47
-2 -2 -3 -3 -2 -2 -1 -1 0 0 -1 -1 -2 -2 -1 -1 -2 -2 -1 -1 0 0 0 0 1 3 4 5 6 6 7 9 11 12 11 11 11 12 12 12 12 13 15 17 19 20 20 18 14 9 5 4 5 6 7 6 7 8 9 10 12 14 14 14 14 14 15 16 16 16 16 16 15 16 17 17 18 19 20 20 21 22 24 26 27 27 28 29 30 33 37 39 40 43 49 50
-1 -1 -2 -2 -2 -2 -1 -2 -2 -2 -2 -2 -2 -2 -2 0 0 0 -1 -1 -1 -1 -1 0 1 2 1 1 3 4 5 6 8 9 8 10 12 12 11 11 11 11 10 9 10 11 12 10 5 6 6 6 6 7 8 9 10 11 12 13 14 14 14 14 14 13 14 15 16 17 17 16 15 15 16 16 17 18 19 20 20 21 22 24 25 26 28 28 29 31 34 37 41 45 50 50
-2 -2 -2 -2 -1 -1 -1 -1 -2 -1 0 -1 -2 -1 -1 -2 -2 -2 -2 -2 -2 -1 -1 -1 0 0 0 -1 1 2 5 6 6 6 6 8 10 9 9 9 9 10 9 8 7 7 6 4 3 4 6 7 8 9 10 10 10 11 11 13 13 13 13 14 14 13 14 15 15 15 15 16 15 16 15 15 17 18 20 21 22 22 23 23 25 25 25 25 26 28 31 36 41 44 47 47
-1 0 1 -1 -2 -2 -2 -2 -2 -2 -2 -1 -1 -1 -1 -3 -2 -2 -2 -1 -1 0 0 0 -1 -1 -1 -1 0 0 0 1 2 5 6 9 9 8 8 9 9 7 5 4 4 4 4 4 4 5 8 10 10 10 10 10 11 11 11 11 12 11 12 14 14 14 14 14 14 15 16 16 15 14 15 15 18 21 22 23 24 24 23 23 23 23 24 24 25 27 30 37 43 45 45 44
