HoopoePrediction/HoopoePrediction/bin/Debug/net5.0/Resources/sh_dem_3.asc
ncols        1437
nrows        1174
xllcorner    8.580972222000
yllcorner    53.865081671284
cellsize     0.000507809480
[rows 792 to 863 of 1174, columns 960 to 1055 of 1437]
-2 -2 -2 -1 -1 -1 -1 -1 -1 -1 -1 0 1 2 2 3 6 10 11 13 12 9 4 2 1 0 0 -1 -1 -1 -1 0 -1 -1 -1 -2 -2 -2 -2 -2 -2 -3 -4 -3 -3 -2 -2 -3 -4 -3 -2 -2 -1 -1 -2 -2 -2 -2 -1 -2 -2 -1 -2 -3 -3 -3 -2 -2 -3 -3 -4 -3 -3 -3 -4 -4 -3 -3 -2 -1 -2 -2 -3 -3 -2 -3 -3 -2 -2 -2 -2 -1 -1 -2 -2 -2
-2 -3 -2 -1 0 -1 -1 -1 -2 -2 -2 -1 0 1 1 2 5 9 10 11 11 8 3 1 1 -1 -1 -2 -2 -2 -1 0 0 -1 -1 -1 -2 -1 -1 -2 -2 -2 -3 -3 -2 -2 -2 -2 -3 -2 -2 -2 -1 -1 -2 -3 -3 -3 -2 -2 -2 -2 -3 -4 -4 -4 -3 -2 -2 -2 -3 -2 -3 -4 -4 -3 -3 -2 -1 -1 -2 -2 -2 -2 -2 -3 -3 -3 -3 -3 -3 -2 -2 -2 -3 -3
-2 -3 -2 -1 -1 -1 -1 -1 0 -1 -1 0 0 1 0 1 4 7 8 11 12 10 5 2 1 0 -1 -2 -2 -1 -1 0 -1 -1 -2 -1 -1 -1 -2 -2 -2 -2 -2 -2 -2 -2 -2 -2 -2 -1 -2 -2 -2 -2 -2 -1 -1 -1 -2 -1 0 -1 -2 -3 -4 -3 -2 -1 -1 -1 -2 -3 -3 -3 -3 -3 -3 -3 -3 -3 -3 -3 -2 -2 -2 -2 -2 -2 -2 -3 -2 -3 -3 -3 -3 -4
-1 -2 -3 -2 -2 -2 -2 -2 -1 -1 0 0 0 1 0 0 2 5 6 8 9 9 6 3 2 1 0 -2 -2 -1 0 0 -1 -1 -1 -1 -1 -1 -1 -2 -2 -2 -2 -2 -2 -2 -2 -3 -2 -1 -2 -3 -2 -2 -3 -3 -1 -1 -2 -2 -1 -1 -2 -3 -3 -3 -2 -2 -2 -2 -2 -2 -2 -2 -2 -2 -3 -2 -3 -4 -3 -3 -2 -2 -2 -3 -3 -3 -3 -3 -2 -1 -1 -2 -3 -3
-2 -2 -2 -3 -2 -1 -1 -1 -1 -1 -1 0 1 1 2 3 3 6 7 10 12 12 10 7 5 4 2 -1 -1 -1 -1 0 1 0 -1 -1 -1 -3 -3 -2 -2 -1 -1 -2 -2 -2 -2 -3 -2 -2 -2 -2 -1 -1 -2 -2 -2 -2 -2 -2 -1 -1 -1 -2 -2 -2 -2 -2 -2 -2 -2 -3 -2 -2 -2 -2 -2 -3 -3 -3 -3 -3 -2 -2 -1 -2 -2 -2 -2 -2 -2 -3 -3 -3 -2 -1
-1 -1 -1 -1 -2 -1 -1 -1 -1 0 0 -1 0 1 2 3 3 4 6 9 12 13 11 7 5 2 1 -1 -1 -2 -2 -1 -1 -2 -2 -2 -2 -2 -1 0 0 -1 -3 -3 -2 -2 -2 -3 -3 -2 -2 -2 -1 -1 -1 -2 -2 -2 -2 -2 -2 -1 -1 -2 -2 -2 -2 -2 -2 -2 -2 -3 -3 -2 -1 -1 -2 -3 -2 -3 -4 -4 -4 -3 -2 -2 -2 -2 -2 -3 -4 -5 -5 -3 -2 -1
-1 -1 -1 -1 -2 -2 -2 -1 0 0 0 -1 -1 0 1 1 1 3 4 8 10 11 11 7 5 2 1 -1 -1 -2 -2 -1 -1 -1 -2 -2 -2 -1 0 0 0 0 -2 -3 -3 -3 -3 -3 -3 -3 -3 -2 -1 -1 -1 -2 -2 -2 -1 -2 -3 -2 -2 -2 -2 -3 -3 -3 -2 -2 -2 -3 -3 -2 -1 -1 -3 -3 -2 -3 -3 -3 -4 -3 -2 -3 -3 -3 -3 -3 -4 -5 -5 -3 -2 -1
-2 -2 -2 -3 -3 -2 -2 -1 -1 -1 -1 -1 -1 0 1 0 0 1 3 8 10 11 9 7 5 1 1 0 0 -1 -1 -1 -1 -1 -2 -3 -3 -1 -1 -1 -1 -1 -1 -3 -4 -4 -4 -3 -2 -2 -2 -2 -2 -3 -3 -3 -2 -2 -1 -1 -2 -3 -2 -1 -1 -2 -2 -3 -3 -3 -3 -4 -4 -3 -2 -2 -2 -3 -4 -4 -3 -3 -2 -2 -1 -1 -2 -3 -3 -3 -3 -3 -3 -3 -3 -2
-3 -3 -3 -3 -2 -2 -2 -1 -1 0 0 -1 -1 -1 1 2 3 2 3 6 9 12 12 9 6 1 1 0 0 -1 -1 -2 -2 -2 -2 -2 -2 -2 -2 -2 -2 -2 -2 -3 -2 -2 -2 -3 -3 -2 -1 -2 -2 -2 -2 -2 -3 -3 -2 -2 -2 -3 -3 -2 -2 -1 -2 -3 -3 -3 -4 -3 -3 -3 -3 -2 -2 -3 -4 -4 -4 -4 -2 -1 0 -1 -2 -3 -3 -3 -3 -1 -1 -2 -3 -3
-2 -3 -2 -2 -2 -2 -2 -1 -1 -1 -1 0 0 0 0 1 1 1 1 4 7 10 12 11 10 1 0 -1 -1 0 -1 -2 -2 -1 -2 -3 -2 -2 -2 -1 -1 -1 -1 -2 -1 -1 -1 -1 -1 -2 -3 -3 -2 -3 -3 -2 -2 -2 -1 -1 -2 -3 -2 -2 -3 -2 -1 0 -1 -1 -2 -2 -2 -2 -2 -3 -2 -2 -2 -3 -2 -2 -2 -2 -1 -1 -2 -3 -4 -4 -3 -2 -2 -3 -3 -2
-3 -3 -2 -2 -1 -1 -1 -1 -2 -2 -1 0 -1 0 -1 -1 -1 0 1 3 5 8 10 11 10 3 1 -1 -1 -1 -1 0 -1 -2 -1 -1 -2 -3 -2 -1 -1 -1 -1 0 0 -2 -2 -2 -1 -1 -1 -2 -3 -3 -3 -3 -2 -2 -1 -1 -1 -2 -2 -3 -3 -2 -2 -1 -1 -1 -3 -4 -3 -3 -3 -2 -2 -2 -2 -2 -2 -2 -2 -3 -3 -2 -2 -3 -4 -4 -3 -2 -2 -2 -2 -2
-2 -1 0 0 -1 -2 -2 -1 -1 -2 -1 0 0 -1 -1 -1 -1 -1 0 3 6 9 10 11 12 5 2 0 0 -1 0 -1 -1 -1 -1 -1 -2 -1 0 -1 -1 -2 -3 -2 -1 -2 -2 -2 -2 -2 -1 -2 -2 -1 -2 -2 -2 -2 -2 -3 -3 -3 -2 -1 -2 -2 -2 -2 -1 -1 -2 -3 -2 -2 -2 -1 -1 -1 -1 -2 -2 -2 -2 -2 -2 -2 -3 -4 -5 -4 -2 -1 -1 -1 -2 -2
-2 -2 0 0 -2 -3 -3 -2 -2 -2 -2 -1 -1 -1 0 0 0 0 0 3 7 9 10 12 13 6 2 0 0 -1 0 -1 -1 -2 -1 -1 -2 -1 -1 -2 -2 -2 -3 -3 -2 -2 -2 -2 -1 -1 -1 -1 -1 -1 -1 -2 -2 -2 -2 -2 -2 -3 -2 -1 -1 -1 -2 -2 -1 -1 -2 -3 -2 -1 -1 0 0 0 -1 -1 0 0 0 0 -1 -2 -2 -3 -3 -2 -2 -2 -2 -2 -2 -2
-2 -1 -1 0 -1 -2 -2 -3 -2 -2 -3 -3 -2 -2 -1 0 0 0 0 3 7 9 11 13 14 8 2 0 0 -1 -1 -1 -1 -2 -3 -2 -1 -2 -2 -1 -1 -2 0 0 -1 -2 -2 -1 -1 -1 -1 -2 -1 -1 -1 -2 -2 -2 -2 -2 -3 -3 -2 -2 -2 -2 -2 -2 -2 -2 -2 -1 -1 0 1 2 3 3 3 2 1 1 2 2 1 0 -1 -2 -2 -2 -3 -2 -2 -2 -1 -2
-3 -2 0 -1 -2 -2 -2 -2 -2 -2 -2 -2 -2 -2 -2 -1 -1 -1 0 4 7 8 9 10 11 7 3 1 0 -1 -1 -1 -1 -2 -2 -2 -3 -3 -2 0 0 -1 -1 0 0 0 0 -1 -1 -1 -1 -2 -2 -1 -1 -1 -2 -2 -2 -3 -3 -2 -2 -2 -2 -1 -1 -1 -2 -2 -3 -2 -1 -1 -1 0 1 3 4 3 2 2 1 1 2 1 0 -1 -2 -2 -3 -2 -1 0 0 0
-2 -1 -1 -1 -2 -2 -2 -1 -2 -2 -1 0 -1 -2 -2 -2 -1 0 1 3 7 9 10 11 12 11 4 2 1 0 0 0 0 -1 -1 -1 -2 -3 -3 -1 -1 -1 -2 -1 0 0 0 -1 -2 -2 -1 -1 -1 -2 -2 -2 -2 -2 -1 -2 -3 -2 -1 -2 -2 -2 -1 -1 -2 -2 -2 -3 -3 -2 -2 -2 -3 -3 -2 1 3 3 2 1 1 1 1 1 -1 -2 -1 0 0 0 -1 0
-2 -2 -2 -2 -3 -4 -4 -3 -2 -2 -2 -1 -1 -2 -2 -1 -1 -1 -1 3 10 13 13 12 13 11 3 0 -1 -1 0 0 -1 -2 -2 -2 -2 -2 -2 -1 -1 -1 -1 -1 -1 -1 -1 -1 -2 -1 -1 0 0 0 -1 -1 -2 -2 -2 -2 -2 -2 -1 -1 -1 -2 -3 -2 -1 -1 -2 -1 -1 -2 -2 -2 -2 -1 -1 0 2 2 3 2 2 2 2 1 0 0 1 2 2 1 0 0
-2 -3 -3 -2 -2 -3 -3 -2 -1 0 -1 -2 -2 -2 -1 -1 0 0 0 2 8 13 13 12 11 8 2 0 0 0 -1 0 0 -1 -2 -3 -2 -1 -1 -1 -1 -1 -1 -1 -2 -1 -1 0 -1 -2 -2 -1 -1 -1 -2 -2 -3 -3 -3 -3 -3 -3 -2 -2 -2 -2 -2 -2 -2 -2 -1 -1 -2 -3 -2 -2 -1 -1 1 3 4 4 5 6 5 4 4 4 3 2 0 1 1 1 2 3
-2 -2 -3 -2 -2 -2 -2 -1 -1 0 -1 -2 -1 -1 -1 -1 0 0 0 2 7 12 13 12 11 6 0 -1 -1 0 0 -1 -1 -1 -2 -3 -1 0 -1 -1 -1 0 0 -2 -2 -2 -2 -1 -1 -2 -2 -2 -1 -2 -2 -2 -3 -3 -3 -2 -2 -2 -1 -2 -2 -2 -1 -1 -1 -1 -1 -1 -2 -2 -2 -1 -1 -1 1 3 4 4 6 7 7 6 5 4 3 3 1 2 2 3 3 3
-2 -2 -2 -2 -2 -2 -2 -2 -2 -1 -1 -1 -1 0 0 1 1 0 0 1 4 6 8 9 10 4 1 0 0 1 0 -1 -2 -1 -1 -1 -1 0 0 -1 -1 -1 -1 -2 -3 -2 -2 -2 -2 -2 -3 -3 -2 -2 -1 -1 -2 -2 -2 -3 -2 -1 -1 -1 -2 -3 -2 -2 -2 -2 -2 -2 -2 -2 -1 -1 -1 -1 0 2 5 7 10 11 9 8 7 6 5 4 3 3 3 2 3 3
-3 -2 -2 -2 -2 -2 -2 -2 -2 -1 -1 -1 -1 -1 1 2 2 1 1 1 1 0 2 3 3 1 0 1 1 0 -1 0 0 -1 -2 -1 0 -1 -1 -2 -2 -2 -1 -1 -2 -1 -1 -1 -2 -2 -2 -3 -3 -3 -2 -2 -2 -2 -1 -1 -1 0 -1 -2 -2 -3 -2 -1 -1 -1 -2 -2 -3 -3 -2 -1 -1 -2 -1 2 5 6 7 8 8 7 7 7 7 5 5 5 5 5 5 4
-1 -2 -2 -3 -3 -3 -3 -2 -2 -2 -1 0 0 -1 -2 -1 0 0 0 0 0 0 -1 -1 -1 0 0 0 0 0 -1 -1 0 0 -1 -2 -2 -2 -1 -1 -1 -1 -1 -1 -1 -2 -2 -2 -3 -2 -1 -2 -3 -2 -2 -2 -2 -2 -1 -1 -2 -1 -1 -2 -2 -3 -3 -2 -1 -1 -2 -2 -2 -2 -2 -2 -3 -3 -2 -1 -1 -1 1 2 3 3 5 6 7 8 8 7 7 6 6 6
-1 -2 -3 -3 -3 -4 -4 -3 -2 -2 -2 -2 -1 -1 -1 0 -1 -1 -1 0 1 1 0 0 0 0 -1 -1 -1 -1 -1 0 1 0 -1 -2 -2 -1 -1 -1 -1 -2 -1 0 0 -1 -1 -2 -1 -2 -1 -2 -2 -2 -2 -3 -3 -3 -2 -2 -2 -1 -1 -2 -3 -3 -2 -2 -2 -2 -1 0 -1 -1 -2 -2 -3 -4 -4 -3 -1 -1 -1 -1 1 2 4 5 7 7 7 7 7 7 7 7
-3 -3 -4 -3 -2 -2 -2 -1 -2 -2 -1 0 -1 -1 -1 -1 -1 -1 -1 0 0 0 0 0 0 1 1 0 0 0 0 -1 0 0 0 -1 -2 -2 -3 -2 -2 -1 0 0 0 0 0 0 1 0 -1 -1 0 -1 -2 -2 -2 -2 -1 -1 -1 -1 -1 -1 -2 -2 -2 -3 -3 -3 -1 0 0 -1 -1 -1 -2 -3 -3 -2 -1 -1 0 0 -1 1 2 3 6 8 9 9 9 8 7 7
-3 -3 -3 -3 -2 -1 -1 -2 -2 -1 -1 0 0 -1 -2 -2 -1 -1 -1 -1 0 0 0 1 0 2 2 1 0 -1 0 -1 0 0 1 0 -1 -2 -2 -1 -1 0 0 0 0 1 1 2 1 1 0 0 0 -1 -2 -2 -1 -1 -1 -1 -1 -1 -1 0 -1 -2 -2 -2 -3 -2 -1 0 0 -1 -1 -2 -3 -4 -2 -1 -1 -1 0 0 0 0 2 3 5 8 9 10 9 8 9 9
-3 -2 -1 -2 -3 -3 -3 -2 -2 -1 -1 -2 -2 -2 -2 -2 -1 0 0 -1 -1 0 0 1 0 0 1 0 -1 -2 -1 -1 0 1 1 1 -1 -2 -1 0 0 1 1 2 2 3 3 3 4 2 1 0 0 -1 -1 -2 -2 -2 -1 -1 -2 -3 -2 -1 -1 -1 -1 -1 -2 -2 -1 -1 -1 -1 -1 -1 -2 -3 -3 -2 -2 -2 -1 -2 -1 0 2 3 6 7 7 8 8 9 10 11
-4 -3 -2 -2 -3 -3 -3 -2 -2 -2 -2 -2 -1 -1 -1 -1 -1 0 0 0 0 0 0 1 1 0 0 0 0 0 0 -1 -1 -1 -1 0 -1 -1 -1 0 0 0 2 3 3 4 4 4 2 1 1 1 0 -1 -1 -2 -3 -3 -2 -2 -2 -2 -1 -1 0 1 1 0 0 0 -1 -2 -3 -3 -2 -2 -1 -1 -1 -2 -2 -2 -2 -2 -2 -2 -1 0 3 5 6 6 7 9 10 10
-1 -1 -2 -3 -3 -3 -3 -2 -1 -1 -1 -1 -1 0 -1 -1 -1 1 1 2 1 0 -1 -1 -2 -1 0 0 0 -1 -1 -1 -1 -1 -1 -1 -1 0 0 1 1 2 3 3 3 3 3 4 4 2 1 0 -1 -1 -1 -1 -1 -1 -1 -1 -2 -2 -1 0 2 2 2 1 1 1 1 0 0 -1 -2 -2 -1 -1 -2 -2 -1 -1 -1 -1 -1 0 0 0 1 2 3 4 5 8 9 9
-2 -2 -4 -5 -5 -3 -3 -2 -1 -2 -1 -1 0 -1 -1 -1 -1 0 0 1 1 1 1 0 -1 -1 0 0 0 -1 -1 -1 -1 -1 -1 -1 -1 -1 -1 0 0 1 1 1 2 3 3 3 2 1 0 -1 -2 -2 -1 -1 -1 -1 -1 -2 -3 -2 -2 -2 0 1 2 2 2 2 1 1 1 1 0 0 0 0 0 1 0 0 0 0 0 0 1 0 -1 0 1 3 4 7 8 8
-5 -4 -5 -6 -5 -3 -3 -2 -2 -2 -1 -1 0 -1 -2 -1 -1 -1 -1 0 1 1 0 0 0 -2 -1 0 0 -1 0 0 -1 -1 -1 -1 0 0 0 0 0 0 1 1 2 3 2 1 1 1 0 -1 -2 -2 -1 -1 -1 -1 -1 -1 -2 -2 -2 -1 -1 0 1 1 1 1 1 1 2 2 2 2 2 2 3 2 1 1 1 1 0 0 1 0 0 1 2 4 5 6 7 7
-4 -4 -4 -4 -4 -4 -4 -3 -2 -1 -1 -2 -1 -2 -3 -1 -1 -1 -1 0 0 0 -1 -1 0 -4 -2 -1 0 1 2 0 -1 0 0 -1 -1 -1 0 0 0 -1 -1 0 1 0 0 -1 -1 0 -1 -2 -2 -2 -2 -2 -1 -1 -1 -2 -2 -1 0 0 0 0 1 1 1 1 1 2 3 3 4 3 3 4 5 5 4 4 3 4 4 3 4 3 4 5 5 5 5 5 6 6
-3 -3 -3 -2 -2 -3 -3 -2 -2 -2 -1 -1 -1 -1 -2 -1 -1 -1 -1 -1 -1 0 0 1 0 0 0 2 2 2 0 -1 -1 0 0 -1 -1 -2 -2 -1 -1 0 0 0 -1 -1 -1 0 1 0 0 -1 -2 -3 -3 -1 0 0 -1 -2 -2 -1 -1 0 1 1 0 2 3 3 2 2 2 3 3 3 4 4 5 6 6 6 7 8 9 8 7 6 7 8 7 6 6 7 8 9
-2 -3 -3 -3 -3 -2 -2 -1 -1 -2 -2 -1 -1 -2 -2 -2 -2 -3 -3 -2 -2 -2 -1 0 0 -2 -2 -1 -1 -1 -1 -2 -2 -2 -2 -2 -1 -1 0 0 0 0 0 0 -1 -1 -1 0 -1 -1 0 -1 -2 -1 -1 0 0 0 -1 -2 -2 -2 0 1 2 3 3 3 3 3 4 3 2 3 3 3 3 3 4 5 6 6 7 7 8 9 8 7 8 9 9 9 9 9 9 9
-2 -2 -2 -2 -2 -2 -2 -1 -1 -2 -2 -2 -2 -1 -1 -1 -1 -2 -2 -1 -1 -1 -1 -1 -1 -1 0 -1 -1 -2 -3 -3 -2 -1 -1 -1 -1 -2 -2 0 0 1 1 2 3 1 0 -1 -1 0 -1 -1 -1 -1 -2 -2 -2 -2 -1 -2 -1 0 1 2 2 2 3 3 2 2 2 2 2 2 1 1 2 2 2 3 5 6 8 8 9 10 10 9 9 9 8 8 8 9 9 9
-3 -3 -3 -2 -2 -2 -2 -1 -1 -2 -3 -3 -3 -2 -1 -1 -1 -2 -2 -2 -1 -1 -1 -1 0 -1 -2 -2 -2 -2 -1 -1 -1 0 0 -1 -1 -1 -1 -1 -1 0 1 2 2 2 2 2 2 2 2 1 1 0 0 0 1 1 0 -1 -1 1 2 3 2 2 2 2 2 2 2 1 1 2 2 1 1 3 4 4 4 5 6 8 9 10 9 9 9 9 9 10 10 10 8 7
-3 -3 -3 -3 -2 -2 -2 -2 -1 -2 -3 -3 -2 -2 -2 -2 -1 -1 -1 -1 -1 0 -1 -1 0 0 -1 -3 -3 -2 -1 0 -1 0 0 -1 -1 -1 -2 -1 -1 0 1 1 1 1 1 2 1 1 2 2 3 2 1 1 1 1 1 0 0 0 1 1 1 1 0 1 1 1 0 -1 0 1 2 1 1 3 4 4 5 5 6 8 10 11 10 10 9 9 9 10 10 10 9 8
-3 -3 -3 -3 -2 -2 -2 -2 -2 -2 -2 -1 0 0 -1 -2 -2 -1 -1 -1 -1 -1 -2 -2 -1 0 0 -1 -1 -1 0 0 0 1 0 0 -1 -1 -1 -1 -1 0 2 3 2 1 1 2 1 0 0 0 0 1 1 1 1 0 -1 0 1 0 -1 -2 -1 -1 -1 -3 -3 -3 -2 -2 -1 1 2 3 3 4 4 5 6 6 6 8 9 10 10 10 10 10 10 9 9 10 10 10
-3 -3 -4 -2 -2 -3 -3 -3 -2 -2 -2 -1 -1 -1 -1 -2 -2 -1 -1 -2 -3 -3 -3 -3 -2 -1 -3 -3 -3 -2 -1 0 -1 0 0 0 -1 0 0 0 0 0 1 3 2 1 1 1 1 0 0 -1 -2 -2 0 1 2 2 0 -1 -1 0 -1 -2 -2 -1 -2 -3 -3 -3 -2 -1 -1 0 2 3 3 3 5 7 8 8 8 9 10 11 10 10 11 11 11 10 10 10 10 10
-4 -4 -4 -2 -1 -2 -2 -2 -3 -2 -2 -1 -1 -2 -2 -3 -2 -1 -1 -1 0 0 -1 -2 -1 -1 -1 -1 -1 -2 -2 -2 -2 -1 -1 -1 -1 -2 -2 -2 -2 -1 0 1 1 2 2 2 1 0 -1 -1 -1 -1 -1 -1 0 0 0 -1 -2 -1 -1 -1 -1 -2 -2 -1 -1 -1 -1 0 0 1 2 2 3 3 5 7 8 8 9 10 11 11 10 10 11 11 11 11 11 12 11 10
-3 -2 -2 -2 -2 -2 -2 -2 -2 -2 -2 -2 -1 -1 -1 -2 -1 0 0 1 1 -1 -2 -3 -2 -1 -1 -1 -1 -1 0 0 0 -1 -1 -1 -1 -1 -1 -2 -2 -1 -1 -1 0 1 1 1 1 1 0 0 -1 0 0 -1 -1 -1 -1 -2 -1 0 -1 -2 -2 -1 0 0 -1 -1 -1 -1 0 1 1 2 4 4 5 6 8 8 10 11 11 11 11 12 11 11 11 11 11 12 12 11
-2 -2 -2 -3 -2 -2 -2 -2 -2 -2 -3 -2 -2 -1 -1 -1 -1 0 1 2 0 -1 -1 -1 -1 0 1 1 1 0 0 0 1 0 0 1 0 -1 -1 -2 -2 -1 0 0 0 0 0 0 1 2 1 0 0 1 0 -1 -1 -1 0 0 0 0 -1 -2 -2 -2 -2 -1 -1 -1 -2 -1 0 1 2 3 5 5 5 5 6 7 8 9 10 10 11 12 11 11 11 12 12 12 11 11
-3 -3 -2 -2 -2 -2 -2 -2 -2 -3 -3 -2 -2 -2 -1 -2 -2 -1 0 1 0 -1 -1 0 0 0 0 1 1 0 0 0 0 0 0 0 1 -1 -1 -2 -2 -1 -1 -1 0 0 0 1 1 2 2 1 0 0 0 0 -1 -1 0 0 -1 -1 -2 -3 -3 -2 -1 0 0 0 0 0 0 2 3 3 4 5 5 5 6 6 8 9 9 11 12 12 11 11 12 12 12 12 12 11
-4 -3 -3 -2 -2 -2 -2 -2 -2 -2 -2 -2 -2 -3 -2 -2 -2 -2 -2 -1 -1 -1 -1 0 0 0 -1 -1 -1 -1 -1 -1 -1 -2 -2 -2 -1 -1 -1 0 0 -1 0 1 2 2 2 2 2 2 2 1 1 1 0 -1 -2 -2 -1 -1 -2 -1 -1 -1 -1 -1 -2 -2 -2 -2 -1 -1 1 3 5 6 5 5 5 6 7 7 8 7 7 8 9 9 11 12 12 12 12 13 13 13
-2 -2 -3 -2 -1 -1 -1 -2 -2 -1 -1 -1 -1 -2 -2 -1 -2 -1 -1 -1 0 -1 -2 -2 -2 1 0 -1 -1 -1 -1 -2 -3 -3 -3 -3 -3 0 -1 -2 -2 -1 -1 1 2 2 1 1 4 5 5 4 4 1 0 -1 -2 -2 -3 -2 -2 -2 -2 -1 0 1 0 0 0 0 0 -1 1 3 4 5 6 7 7 7 7 7 7 7 7 8 9 10 11 12 12 12 12 12 12 13
-2 -1 -2 -2 -1 -2 -2 -2 -2 -2 -3 -1 0 -1 -1 -2 -2 0 0 1 2 0 -1 -1 -1 1 1 0 0 -1 -1 -1 -1 -2 -2 -2 -2 -2 -1 -2 -2 -2 -1 -1 0 1 1 1 4 8 10 10 8 2 0 -1 -2 -2 -2 -2 -2 -1 -1 -1 0 3 4 3 3 3 4 4 4 4 4 5 6 7 7 7 8 8 8 9 10 10 10 10 10 11 12 12 12 11 11 13
-2 -2 -2 -2 -1 -1 -1 -1 -1 -2 -3 -2 -2 -3 -2 -1 -2 -2 -1 1 3 3 1 0 -1 -1 0 -1 -1 -1 -1 -1 -1 -2 -1 -1 -2 -2 -1 -1 -1 -1 -1 -1 -1 0 0 0 2 6 10 11 10 6 1 1 0 0 0 -1 -1 -2 -2 -1 0 1 2 3 3 3 3 4 4 3 4 5 6 7 7 7 8 8 8 8 9 10 11 11 10 11 11 12 13 14 15 16
-2 -2 -1 -1 -1 -1 -1 -1 -2 -3 -3 -2 -2 -1 0 1 -1 -3 -3 -2 -1 0 -1 -1 -1 -1 -2 -2 -2 -2 -2 -2 -2 -1 0 0 -1 -1 -1 -1 -1 -1 -1 0 0 0 0 0 2 4 6 7 8 7 5 4 2 2 2 2 0 -1 -2 -2 -2 -1 1 2 2 2 3 4 4 4 4 4 5 6 5 6 7 7 7 7 8 9 10 10 11 11 10 10 11 13 15 16
-3 -2 0 0 -1 -3 -3 -3 -2 -2 -3 -2 -1 -1 0 0 -1 -2 -2 -1 -1 -1 -2 -1 -1 -1 -2 -2 -2 -2 -2 -2 -2 -1 -1 -1 -1 -2 -2 -1 -1 -1 -2 -1 -1 -1 -1 -2 0 2 4 7 9 9 7 7 6 5 3 1 0 0 -1 -2 -2 -1 0 1 2 2 3 4 4 4 5 4 4 5 5 5 6 6 6 7 9 10 11 11 11 11 11 11 11 13 14 15
-2 -2 -2 -2 -3 -4 -4 -3 -2 -1 -1 -2 -3 -2 -2 -1 -1 -1 -1 0 -1 -1 -1 -1 -1 0 0 0 0 -1 -1 -1 -1 -1 -1 -2 -3 -2 -2 -3 -3 -3 -2 -1 0 -1 -1 -2 -1 1 3 7 9 9 8 10 13 12 10 6 2 1 0 -1 0 0 1 0 1 1 2 2 2 2 3 4 5 4 3 3 4 5 6 6 8 9 11 12 13 13 13 13 13 13 14 15
-2 -2 -2 -3 -3 -2 -2 -1 -1 -2 -1 -1 -1 -1 -1 -1 -1 -1 -1 0 0 0 -1 -2 -2 0 0 -1 -1 -1 -1 -1 -2 -3 -3 -2 -1 -1 -2 -3 -3 -3 -2 -2 -1 -2 -2 -2 -1 1 4 8 10 14 15 14 15 15 16 15 10 5 2 1 1 2 0 0 1 1 2 2 2 2 2 3 4 4 4 5 5 5 6 7 7 8 9 10 12 13 13 13 13 13 14 13
-2 -2 -2 -2 -2 -3 -3 -2 -2 -3 -3 -3 -2 -2 -2 -2 -2 -2 -2 -2 -2 -2 -1 0 0 -1 -1 -1 -1 -2 -1 0 0 -1 -1 -2 -2 -3 -3 -3 -3 -3 -3 -3 -1 -1 -1 -1 -1 0 3 8 12 18 20 19 19 19 20 20 19 14 9 6 3 2 0 -1 0 0 1 1 1 2 3 3 3 4 4 5 5 5 5 6 7 8 9 10 11 12 14 14 14 12 11 10
-2 -2 -2 -3 -3 -2 -2 -1 -2 -3 -3 -3 -2 -1 -1 -1 -1 -1 -1 -1 -2 -2 -3 -2 -2 -1 -2 -2 -2 -1 -1 0 1 0 0 0 -2 -3 -3 -2 -2 -2 -2 -3 -3 -2 -2 -2 -2 -1 2 7 11 18 21 20 22 22 23 22 20 17 14 11 7 6 4 3 2 2 1 1 1 2 3 2 3 3 4 6 7 7 7 7 8 10 11 12 13 13 12 11 11 10 10 11
-2 -2 -3 -3 -3 -3 -3 -2 -2 -2 -1 -2 -2 -2 -1 -1 -1 -1 -1 0 0 -1 -2 -2 -2 0 -1 -2 -2 -2 0 1 1 0 -1 -1 -2 -1 0 0 0 1 2 0 -1 -1 -1 -1 -2 -3 -1 5 9 16 20 22 22 21 19 16 14 12 11 10 10 9 7 6 4 3 1 0 0 0 0 1 2 3 5 6 7 7 8 8 8 10 11 11 10 10 11 11 11 10 11 12
-1 -1 -3 -3 -3 -3 -3 -3 -2 -2 -2 -2 -2 -2 -2 -2 -2 -2 -2 -1 0 0 -1 -2 -2 -2 -2 -2 -2 -2 0 1 1 0 -1 -1 -1 -1 0 0 0 -1 1 0 -1 -1 -1 -1 -2 -3 -1 5 9 16 20 23 22 21 18 14 12 11 11 11 11 11 10 7 4 4 3 1 0 0 0 1 2 3 4 6 7 7 8 7 6 8 10 10 9 9 11 10 10 10 11 12
-2 -2 -2 -2 -2 -2 -2 -2 -2 -1 -1 -2 -2 -2 -2 -2 -2 -2 -2 -2 -1 -1 -1 -1 -1 0 -1 -2 -2 -1 -1 -2 0 1 0 -1 -2 -2 0 1 1 -1 -1 -1 -1 -2 -2 -2 -2 -2 0 3 6 14 22 24 24 24 21 17 14 12 12 13 13 14 14 12 8 6 3 2 1 0 0 1 2 3 3 4 6 6 7 7 6 7 8 9 9 9 10 10 10 11 12 13
-2 -2 -2 -2 -2 -1 -1 -1 -1 0 -1 -1 -2 -2 -1 -1 -1 -2 -2 -1 -1 -2 -2 -2 -2 -1 -1 -1 -1 -1 -1 -1 -1 -1 -2 -1 -1 -1 -1 -2 -2 -2 -2 -2 -2 -2 -2 0 1 1 0 2 4 12 19 21 23 23 22 17 12 10 10 11 14 15 14 11 9 8 5 3 2 1 1 1 1 1 3 5 6 6 7 7 7 7 8 9 10 9 10 11 11 12 13 13
-2 -2 -2 -2 -2 -2 -2 -2 -2 -2 -2 -2 -1 -1 -2 -2 -2 -2 -2 -1 -2 -3 -3 -3 -2 -2 -1 -1 -1 0 -1 -1 -2 -3 -2 -1 -1 -2 -1 -1 -1 -1 -2 -3 -4 -2 -2 -1 1 2 1 1 2 9 18 22 22 21 19 17 16 15 15 14 12 12 13 12 8 8 7 6 5 4 3 2 2 2 3 5 6 7 8 8 9 9 10 11 12 12 11 11 11 12 12 12
-3 -2 -2 -2 -2 -3 -3 -2 -2 -1 -1 0 0 -1 -2 -1 0 -1 -1 -1 -1 0 0 -1 -2 -1 0 0 -1 -2 -2 -1 -1 0 0 0 -1 -1 -1 -1 -1 -1 -1 -2 -2 -1 -1 -1 0 1 1 1 2 6 14 19 20 20 19 20 21 21 19 17 14 12 14 16 14 12 9 8 6 5 4 4 3 3 4 5 7 7 8 9 10 9 9 10 12 13 12 12 12 11 10 12
-2 -2 -2 -2 -2 -2 -2 -2 -1 0 0 1 1 -1 -2 -1 0 0 -1 -2 -2 -1 0 -1 -2 -1 0 -1 -1 -2 -2 -1 -1 0 1 0 -1 -1 -1 -2 -2 -2 -2 -2 -2 -1 -1 -1 -1 0 0 1 1 3 12 17 20 21 22 22 22 21 18 16 14 15 16 16 13 12 9 8 7 6 5 4 3 3 4 5 7 7 8 9 9 9 9 10 12 12 11 12 12 11 10 11
-1 -1 -2 -1 -1 -1 -1 -2 -2 -1 -1 -1 -1 -1 -1 -1 0 0 -1 -2 -2 -1 -1 0 -1 0 0 -1 -1 -2 -1 0 0 0 -1 -1 0 -1 -1 -2 -2 -3 -2 -3 -2 -2 -2 -2 -1 0 0 0 0 3 10 20 24 24 25 25 25 24 22 21 17 15 13 11 9 9 9 8 7 6 4 3 2 3 3 3 4 4 5 6 7 8 9 10 10 10 11 12 12 12 11 10
-3 -2 -1 -1 -1 -2 -2 -2 -2 -2 -2 -1 -1 -1 0 0 -1 -1 -1 -1 -1 -1 -1 -1 -1 -1 -1 -1 -1 -1 -1 -1 -1 -1 -1 -2 -2 -2 -2 -2 -2 -1 -1 -1 -1 -1 -1 -1 -1 0 0 0 1 2 8 18 25 26 27 26 24 23 21 19 14 11 10 10 11 11 10 9 8 7 6 5 3 2 1 2 3 4 5 5 6 8 9 10 11 11 11 11 11 11 12 13
-2 -1 -1 -2 -2 -2 -2 -3 -2 -2 -1 -1 -1 -1 -1 -2 -2 -2 -2 -2 -2 -2 -1 -2 -2 -2 -2 -1 -1 -1 -1 -1 -1 -1 -1 -1 -2 -1 -1 -2 -2 -2 -2 -1 -2 -2 -2 -1 -1 0 1 0 -1 -1 5 14 22 24 26 24 23 21 18 16 14 13 12 12 12 11 10 9 9 8 7 6 5 4 2 2 3 3 4 5 7 8 9 10 11 11 11 12 12 13 13 13
-2 -2 -1 -1 -1 -2 -2 -2 -2 -2 -2 -2 -2 -2 -2 -2 -2 -2 -2 -2 -1 -1 -1 -1 -1 -1 -1 -1 -1 0 0 0 0 0 -1 0 0 -2 -3 -3 -3 -2 -1 -1 -2 -2 -2 -2 -1 0 0 1 0 0 2 6 16 18 20 20 20 21 21 21 23 24 20 15 13 13 11 9 8 8 9 8 8 6 5 4 4 4 4 4 6 7 9 10 10 10 12 14 14 15 14 14
-2 -2 -2 -3 -2 -2 -2 -2 -2 -1 -2 -1 -1 -1 -1 -1 -1 -1 -1 -1 -2 -2 -2 -1 -1 -1 0 0 0 0 -1 -2 -2 -1 0 0 0 -2 -3 -3 -3 -1 -1 -1 -2 -2 -2 -2 -1 0 1 2 2 1 3 4 9 12 18 22 23 24 24 24 24 23 20 16 14 14 12 11 10 9 9 8 7 6 6 5 6 6 6 6 6 7 7 7 8 9 12 13 13 12 11 11
-2 -3 -2 -2 -2 -2 -2 -3 -2 -2 -2 0 1 0 -2 -1 -1 -2 -2 -1 -2 -2 -2 -2 -1 0 0 -1 -1 0 -1 -2 -3 -2 -1 -1 -1 -2 -3 -2 -2 -2 -1 -1 -1 -2 -2 -2 -1 0 1 1 1 1 2 3 7 11 17 21 23 24 24 23 23 20 18 15 14 14 13 11 10 9 9 8 7 7 7 6 7 7 7 8 8 7 6 6 7 8 10 11 11 12 12 13
-3 -3 -2 -2 -1 -1 -1 -2 -2 -2 -2 -1 -1 -1 -2 -1 -1 -2 -2 -2 -2 -1 -2 -3 -2 -1 -1 -1 -1 -1 -2 -2 -2 -2 -2 -2 -1 -2 -2 -1 -1 -1 -1 -1 -3 -3 -3 -2 -1 -1 0 -1 -1 0 0 3 8 10 15 18 21 23 23 22 21 17 15 14 14 14 13 12 10 8 8 7 7 8 9 8 8 8 8 9 9 9 8 7 6 7 9 10 10 11 12 13
-2 -2 -2 -2 -1 -2 -2 -2 -1 -1 -1 -1 -2 -3 -2 -2 -2 -1 -1 -1 -2 -2 -1 -1 -2 -1 -1 -1 -1 -2 -3 -2 -2 -3 -3 -3 -2 -1 -2 -2 -2 -2 -2 -2 -1 -2 -2 -2 -1 -1 0 0 1 1 1 1 4 8 16 20 20 20 21 20 19 17 15 14 14 14 13 11 9 8 7 7 7 8 10 11 9 9 8 9 10 11 11 10 8 7 8 9 9 10 10 10
-2 -2 -1 -2 -2 -3 -3 -2 -2 -2 -1 -1 -2 -3 -3 -2 -2 -3 -3 -2 -1 -1 -1 -1 -1 -1 -2 -2 -2 -3 -2 -2 -2 -2 -2 -1 -1 -1 -2 -2 -2 -2 -2 -1 -1 -1 -1 -1 -1 -1 0 1 2 2 3 2 3 6 14 18 18 16 15 14 14 15 14 15 15 14 12 11 10 10 10 10 9 8 8 9 8 8 7 7 7 8 11 12 12 11 12 12 12 12 11 10
-1 -2 -2 -1 -1 -2 -2 -2 -2 -2 -3 -2 -3 -2 -2 -2 -2 -2 -2 -2 -1 -2 -2 -2 -2 -1 -1 -2 -2 -2 -2 -2 -2 -2 -2 -2 -2 -1 -1 -1 -1 -1 -1 -1 -1 -1 -1 0 -2 -2 -1 0 1 2 3 3 2 4 10 14 14 12 11 12 12 13 14 14 13 13 12 11 11 10 9 9 9 9 9 10 9 9 9 7 6 6 8 9 8 9 11 11 11 10 10 10
-1 -1 -1 -2 -2 -2 -2 -2 -2 -2 -2 -2 -3 -3 -2 -2 -2 -2 -2 -2 -2 -2 -2 -2 -2 -1 -1 -2 -2 -2 -2 -2 -2 -2 -2 -3 -3 -2 -1 -1 -1 -2 -2 -2 -2 -1 -1 -1 -1 -2 -2 -1 0 1 0 0 0 2 6 9 9 9 10 10 9 10 12 14 14 14 15 14 13 14 12 11 10 9 9 9 9 9 10 9 8 9 8 7 7 7 8 8 8 9 9 10
-1 -1 -1 -2 -3 -2 -2 -3 -2 -2 -2 -2 -2 -2 -2 -2 -2 -2 -2 -2 -2 -2 -2 -2 -3 -1 -1 -1 -1 -2 -2 -2 -2 -2 -2 -3 -3 -3 -2 -1 -1 -2 -2 -2 -1 -1 -1 -2 -1 -2 -1 -1 0 -1 -1 0 2 2 4 6 7 9 11 11 11 11 13 15 17 17 17 16 14 13 12 10 9 9 9 9 9 9 10 10 9 10 9 8 8 7 8 9 9 9 9 10
0 0 -2 -3 -3 -2 -2 -2 -2 -2 -2 -2 -1 -2 -2 -2 -1 -2 -2 -2 -2 -2 -2 -2 -2 -2 -2 -2 -2 -2 -2 -2 -2 -2 -2 -1 -2 -2 -2 -2 -2 -2 -2 -3 -2 -1 -1 -1 -1 -1 -1 -1 -1 -2 -1 0 1 1 2 4 8 11 12 13 13 13 13 15 18 18 19 17 16 15 14 13 10 9 9 10 11 11 11 12 12 11 10 9 8 8 9 9 9 9 8 9
