HoopoePrediction/HoopoePrediction/bin/Debug/net5.0/Resources/sh_dem_7.asc
ncols        1447
nrows        953
xllcorner    10.169027779000
yllcorner    53.951525666950
cellsize     0.000507755510
[rows 513 to 569 of 953, columns 576 to 671 of 1447]
23 21 21 21 21 21 21 21 21 21 21 21 21 21 21 21 21 21 22 26 28 29 30 25 21 21 21 21 24 24 25 25 25 25 27 28 26 25 25 19 19 22 22 23 24 25 26 25 24 24 25 24 25 25 27 27 27 26 29 34 37 39 38 33 30 29 29 29 29 28 26 25 25 25 25 25 26 27 27 26 25 23 22 24 25 28 30 30 30 31 31 31 31 33 35 36
27 21 21 21 21 21 21 21 21 21 21 21 21 21 21 21 21 21 21 24 30 30 25 21 21 21 21 21 21 22 22 22 22 22 23 23 21 20 21 20 20 22 23 24 24 25 26 26 26 25 24 23 23 24 25 25 26 26 25 25 27 29 30 29 30 29 29 29 28 27 26 26 25 24 23 25 26 25 25 25 25 24 25 26 26 24 25 27 30 32 32 33 32 33 34 36
21 21 21 21 21 21 21 21 21 21 21 21 21 21 21 21 21 21 21 21 21 21 21 21 21 21 21 21 21 21 22 22 22 21 22 22 22 21 19 20 22 23 22 23 23 24 25 25 25 25 25 24 24 25 26 26 26 27 25 24 24 25 25 27 29 29 29 29 28 27 26 25 24 23 29 21 21 21 21 21 21 21 21 21 21 21 21 25 27 30 30 31 33 34 35 35
29 21 21 21 21 21 21 21 21 21 21 21 21 21 21 21 21 21 21 21 21 21 21 21 21 21 21 21 21 21 21 22 22 22 22 22 21 22 22 22 23 24 23 24 24 25 26 25 25 24 25 25 25 25 25 25 26 25 26 25 24 24 24 26 28 28 28 28 27 27 26 25 25 24 29 21 21 21 21 21 21 21 21 21 21 21 21 24 26 28 29 30 31 33 35 36
21 21 21 21 21 21 21 21 21 21 21 21 21 21 21 21 21 21 21 21 21 21 21 21 21 21 21 21 21 21 21 21 21 21 21 21 21 21 21 21 21 21 21 21 21 23 25 25 25 25 24 25 25 24 23 23 24 25 26 23 21 21 23 25 27 27 25 25 24 25 26 25 23 21 21 21 21 21 21 21 21 21 23 24 22 22 22 24 24 24 25 26 26 26 28 32
21 21 21 21 21 21 21 21 21 21 21 21 21 21 21 21 21 21 21 21 21 21 21 21 21 21 21 21 21 21 21 21 21 21 21 21 21 21 21 21 21 21 21 21 21 21 21 23 25 24 24 25 24 23 24 24 24 25 26 25 22 21 21 23 24 26 26 26 27 28 24 21 21 21 21 21 21 21 21 21 21 23 25 25 25 24 25 27 27 26 26 25 25 25 24 25
21 21 21 21 21 21 21 21 21 21 21 21 21 21 21 21 21 21 21 21 21 21 21 21 21 21 21 21 21 21 21 21 21 21 21 21 21 21 21 21 21 21 21 21 21 21 21 21 21 22 23 24 25 24 23 24 25 26 26 25 25 26 25 25 26 26 26 27 28 25 21 21 21 21 21 21 21 21 21 21 21 21 22 24 25 24 25 27 21 21 21 21 21 21 22 25
21 21 21 21 21 21 21 21 21 21 21 21 21 21 21 21 21 21 21 21 21 21 21 21 21 21 21 21 21 21 21 21 21 21 21 21 21 21 21 21 21 21 21 21 21 21 21 21 21 21 21 24 26 25 24 24 24 24 24 25 26 26 26 26 27 26 24 24 23 21 21 21 21 21 21 21 21 21 21 21 21 21 21 21 21 21 21 21 21 21 21 21 21 23 25 26
21 21 21 21 21 21 21 21 21 21 21 21 21 21 21 21 21 21 21 21 21 21 21 21 21 21 21 21 21 21 21 21 21 21 21 21 21 21 21 21 21 21 21 21 21 21 21 21 21 21 21 21 25 26 27 27 28 26 24 23 23 24 26 27 27 27 27 27 24 21 21 21 21 21 21 21 21 21 21 21 21 21 21 21 21 21 21 21 21 21 21 21 21 25 28 27
21 21 21 21 21 21 21 21 21 21 21 21 21 21 21 21 21 21 21 21 21 21 21 21 21 21 21 21 21 21 21 21 21 21 21 21 21 21 21 21 21 21 21 21 21 21 21 21 21 21 21 21 24 25 26 26 27 26 24 23 23 24 26 26 27 27 26 24 21 21 21 21 21 21 21 21 21 21 21 21 21 21 21 21 21 21 21 21 21 21 21 21 21 24 27 27
21 21 21 21 21 21 21 21 21 21 21 21 21 21 21 21 21 21 21 21 21 21 21 21 21 21 21 21 21 21 21 21 21 21 21 21 21 21 21 21 21 21 21 21 21 21 21 21 21 21 21 21 25 25 25 24 23 22 22 21 22 23 24 24 25 26 27 24 21 21 21 21 21 21 21 21 21 21 21 21 21 21 21 21 21 21 21 21 21 21 21 21 21 21 21 23
21 21 21 21 21 21 21 21 21 21 21 21 21 21 21 21 21 21 21 21 21 21 21 21 21 21 21 21 21 21 21 21 21 21 21 21 21 21 21 21 21 21 21 21 21 21 21 21 21 21 21 21 27 27 25 24 21 20 20 20 21 22 22 23 24 24 24 23 21 21 21 21 21 21 21 21 21 21 21 21 21 21 21 21 21 21 21 21 21 21 21 21 21 21 21 21
21 21 21 21 21 21 21 21 21 21 21 21 21 21 21 21 21 21 21 21 21 21 21 21 21 21 21 21 21 21 21 21 21 21 21 21 21 21 21 21 21 21 21 21 21 21 21 21 21 21 21 26 26 26 23 23 22 21 22 23 23 22 23 24 24 25 23 22 21 21 21 21 21 21 21 21 21 21 21 21 21 21 21 21 21 21 21 21 21 21 21 21 21 21 21 21
21 21 21 21 21 21 21 21 21 21 21 21 21 21 21 21 21 21 21 21 21 21 21 21 21 21 21 21 21 21 21 21 21 21 21 21 21 21 21 21 21 21 21 21 21 21 21 21 21 21 21 27 26 24 22 22 23 25 26 26 25 26 26 25 25 25 26 25 23 21 21 21 21 21 21 21 21 21 21 21 21 21 21 21 21 21 21 21 21 21 21 21 21 21 21 21
21 21 21 21 21 21 21 21 21 21 21 21 21 21 21 21 21 21 21 21 21 21 21 21 21 21 21 21 21 21 21 21 21 21 21 21 21 21 21 21 21 21 21 21 21 21 21 21 21 22 24 26 23 21 21 21 23 25 26 25 25 24 25 26 26 26 25 24 22 22 21 21 21 21 21 21 21 21 21 21 21 21 21 21 21 21 21 21 21 21 21 21 21 21 21 21
21 21 21 21 21 21 21 21 21 21 21 21 21 21 21 21 21 21 21 21 21 21 21 21 21 21 21 21 21 21 21 21 21 21 21 21 21 21 21 21 21 21 21 21 21 21 21 21 21 23 26 26 24 21 21 21 23 26 26 24 23 24 26 26 26 27 24 23 21 22 21 21 21 21 21 21 21 21 21 21 21 21 21 21 21 21 21 21 21 21 21 21 21 21 21 21
21 21 21 21 21 21 21 21 21 21 21 21 21 21 21 21 21 21 21 21 21 21 21 21 21 21 21 21 21 21 21 21 21 21 21 21 21 21 21 21 21 21 21 21 21 21 21 21 24 27 27 26 24 22 22 23 25 24 21 23 25 24 25 25 26 26 23 23 22 22 21 21 21 21 21 21 21 21 21 21 21 21 21 21 21 21 21 21 21 21 21 21 21 21 21 21
21 21 21 21 21 21 21 21 21 21 21 21 21 21 21 21 21 21 21 21 21 21 21 21 21 21 21 21 21 21 21 21 21 21 21 21 21 21 21 22 22 21 21 21 21 21 21 21 22 24 24 24 23 23 23 22 21 21 21 24 27 27 27 27 27 25 23 23 22 21 21 21 21 21 21 21 21 21 21 21 21 21 21 21 21 21 21 21 21 21 21 21 21 21 21 21
21 21 21 21 21 21 21 21 21 21 21 21 21 21 21 21 21 21 21 21 21 21 21 21 21 21 21 21 21 21 21 21 21 21 21 21 21 21 21 22 21 20 22 22 22 22 21 21 22 24 24 24 21 21 21 21 21 21 23 26 28 28 25 24 24 24 23 22 21 21 21 21 21 21 21 21 21 21 21 21 21 21 21 21 21 21 21 21 21 21 21 21 21 21 21 21
24 21 21 21 21 21 21 21 21 21 21 21 21 21 21 21 21 21 21 21 21 21 21 21 21 21 21 21 21 21 21 21 21 21 21 21 21 21 21 22 21 21 20 22 22 22 21 21 21 21 21 21 21 21 21 21 21 22 24 26 26 25 24 25 26 26 21 21 21 21 21 21 21 21 21 21 21 21 21 21 21 21 21 21 21 21 21 21 21 21 21 21 21 21 21 21
23 21 21 21 21 21 21 21 21 21 21 21 21 21 21 21 21 21 21 21 21 21 21 21 21 21 21 21 21 21 21 21 21 21 21 21 21 21 21 22 22 20 21 22 22 21 21 21 21 21 21 21 21 21 21 21 21 22 24 25 26 25 24 25 25 27 21 21 21 21 21 21 21 21 21 21 21 21 21 21 21 21 21 21 21 21 21 21 21 21 21 21 21 21 21 21
22 21 21 21 21 21 21 21 21 21 21 21 21 21 21 21 21 21 21 21 21 21 21 21 21 21 21 21 21 21 21 21 21 21 21 21 21 21 21 21 22 22 22 21 21 21 21 21 21 21 21 21 21 22 25 25 25 25 24 24 25 24 23 23 23 21 21 21 21 21 21 21 21 21 21 21 21 21 21 21 21 21 21 21 21 21 21 21 21 21 21 21 21 21 21 21
21 21 21 21 21 21 21 21 21 21 21 21 21 21 21 21 21 21 21 21 21 21 21 21 21 21 21 21 21 21 21 21 21 21 21 21 21 21 21 21 22 22 21 21 21 21 21 21 22 22 22 22 24 26 27 27 27 27 25 24 25 26 25 25 21 21 21 21 21 21 21 21 21 21 21 21 21 21 21 21 21 21 21 21 21 21 21 21 21 21 21 21 21 21 21 21
21 21 21 21 21 21 21 21 21 21 21 21 21 21 21 21 21 21 21 21 21 21 21 21 21 21 21 21 21 21 21 21 21 21 21 21 21 21 21 21 21 21 21 21 21 21 24 27 25 24 24 24 24 25 25 25 26 27 27 26 25 26 27 21 21 21 21 21 21 21 21 21 21 21 21 21 21 21 21 21 21 21 21 21 21 21 21 21 21 21 21 21 21 21 21 21
21 21 21 21 21 21 21 21 21 21 21 21 21 21 21 21 21 21 21 21 21 21 21 21 21 21 21 21 21 21 22 25 25 25 23 21 21 21 21 21 21 21 21 21 21 21 21 21 21 23 26 29 29 28 27 27 26 25 24 24 26 28 21 21 21 21 21 21 21 21 21 21 21 21 21 21 21 21 21 21 21 21 21 21 21 21 21 21 21 21 21 21 21 25 26 21
21 21 21 21 21 21 21 21 21 21 21 21 21 21 21 21 21 21 21 21 21 21 21 21 21 21 21 22 22 25 27 25 25 26 27 26 23 21 21 21 21 21 21 21 21 21 21 21 23 25 27 28 28 28 28 28 29 29 29 28 24 21 21 21 21 21 21 21 21 21 21 21 21 21 21 21 21 21 21 21 21 21 21 21 21 21 21 21 21 21 21 24 28 33 39 41
21 21 21 21 21 21 21 21 21 21 21 21 21 21 21 21 21 21 21 21 21 21 21 21 21 21 21 22 22 28 28 25 25 28 30 31 30 25 21 21 21 21 21 21 21 21 22 23 24 25 26 28 29 28 29 29 30 30 31 26 21 21 21 21 21 21 21 21 21 21 21 21 21 21 21 21 21 21 21 21 21 21 21 21 21 21 21 21 21 30 31 34 36 38 41 43
21 21 21 21 21 21 21 21 21 21 21 21 21 21 21 21 21 21 21 21 21 21 21 21 21 24 27 26 28 32 32 31 29 28 31 33 33 27 21 21 21 21 21 21 24 28 29 28 26 25 25 26 27 28 30 30 30 27 23 21 21 21 21 21 21 21 21 21 21 21 21 21 21 21 21 21 21 21 21 21 21 21 21 21 21 21 26 34 41 46 47 48 49 50 51 54
21 21 21 21 21 21 21 21 21 21 21 21 21 21 21 21 21 21 21 21 21 21 21 21 23 29 34 35 36 38 39 37 36 35 36 35 32 26 21 21 21 21 21 30 31 33 32 29 26 25 24 24 24 24 26 27 29 25 21 21 21 21 21 21 21 21 21 21 21 21 21 21 21 21 21 28 31 28 27 24 21 21 21 21 21 24 27 34 44 51 53 57 59 61 66 72
21 21 21 21 21 21 21 21 21 21 21 21 21 21 21 21 21 21 21 21 21 21 21 23 28 34 38 39 39 41 44 44 44 41 36 33 27 21 21 21 21 30 30 31 31 30 29 28 27 28 27 27 26 26 26 26 25 23 21 21 21 21 21 21 21 21 21 21 21 21 21 21 21 22 24 27 30 31 31 31 29 28 27 27 27 27 30 37 44 49 51 56 59 62 67 73
21 21 21 21 21 21 21 21 21 21 21 21 21 21 21 21 21 21 21 21 26 28 30 31 32 33 35 37 40 42 42 42 41 37 33 30 28 27 26 27 29 31 30 29 29 28 27 27 27 28 29 30 29 27 25 24 22 22 21 21 21 21 21 21 21 21 21 21 21 23 26 26 24 23 25 26 27 28 28 27 27 27 27 31 34 36 37 38 45 52 55 61 66 68 71 75
21 21 21 21 21 21 21 21 21 21 21 21 21 21 21 21 21 21 32 34 37 39 41 40 36 32 31 33 37 39 37 35 34 32 31 30 26 24 24 25 25 26 26 26 26 25 26 27 27 26 26 27 28 27 26 25 23 22 22 21 21 21 22 22 22 22 23 25 29 33 36 34 32 31 29 26 26 26 26 27 28 31 37 42 45 48 49 48 48 53 56 62 65 69 72 74
21 21 21 21 21 28 21 21 21 21 21 21 21 21 21 21 29 32 36 40 42 43 44 42 38 33 30 31 34 35 34 34 34 34 33 29 26 25 25 26 27 26 25 25 25 25 27 28 26 25 25 26 26 27 26 25 23 22 22 22 22 22 23 23 23 23 27 30 37 43 46 44 39 38 37 35 35 34 34 34 36 41 46 50 51 52 52 51 51 53 55 60 66 69 71 73
21 25 30 32 34 37 38 36 35 35 34 32 31 32 37 40 42 43 40 38 39 39 42 44 42 38 35 33 30 29 29 29 29 27 25 24 24 25 26 28 28 26 25 25 26 27 28 28 28 28 28 27 26 27 27 27 26 26 25 24 25 25 25 25 24 26 32 36 44 50 52 52 52 51 52 51 51 50 51 52 53 54 55 54 55 57 55 55 55 54 55 58 63 65 65 65
27 33 34 36 38 43 46 44 42 42 42 44 45 46 45 43 39 35 33 32 31 31 32 34 34 33 31 30 27 26 25 25 25 23 21 22 26 27 27 27 27 26 25 25 26 28 29 30 29 28 27 27 26 26 26 26 27 26 26 25 25 26 26 25 24 25 31 36 44 49 50 50 50 51 52 53 54 54 54 55 56 54 52 53 55 58 57 56 57 59 59 59 58 60 61 61
29 32 36 40 43 45 46 46 46 46 46 49 51 52 48 44 36 30 28 28 28 27 25 26 27 26 25 26 25 25 25 25 25 26 26 26 27 28 27 26 27 26 24 24 24 26 28 29 29 27 26 25 25 25 25 25 26 26 26 26 26 27 25 25 26 27 31 35 44 49 51 50 50 50 50 50 51 52 52 53 53 53 52 53 54 56 58 59 61 61 60 58 57 58 59 60
34 39 42 45 46 44 43 43 45 45 44 47 50 51 50 49 43 39 35 31 26 26 25 24 23 23 23 23 23 24 24 25 25 26 26 26 26 25 24 24 26 27 24 23 23 25 28 29 30 29 28 25 24 24 25 25 25 24 23 25 27 28 27 27 27 27 29 31 36 43 47 48 48 48 48 48 48 49 49 50 50 49 48 48 49 51 56 60 62 61 61 60 59 58 56 55
42 45 46 45 43 39 35 34 33 33 35 39 42 45 47 48 45 39 32 28 28 26 23 23 23 23 23 23 23 24 25 26 26 27 27 27 26 24 23 23 25 25 25 26 27 30 31 30 29 28 27 26 26 27 27 27 27 26 25 25 26 27 28 28 28 27 26 28 35 42 46 47 46 46 47 47 48 48 48 49 48 47 48 48 48 48 50 54 58 59 59 60 59 57 55 54
45 46 46 43 41 37 34 33 33 33 33 35 38 42 44 45 44 39 33 29 26 25 23 23 23 23 23 23 24 24 24 26 26 27 26 26 25 23 23 23 24 24 24 27 28 30 30 30 29 28 27 26 27 27 28 28 28 28 27 26 25 26 27 27 28 27 26 28 35 42 44 45 45 46 47 47 47 47 47 48 48 47 48 48 48 49 49 52 55 58 59 60 59 58 56 54
46 45 47 47 45 38 31 30 31 31 31 31 35 40 42 42 40 37 34 30 25 24 23 23 23 23 23 23 25 24 23 24 24 25 24 24 23 23 23 23 23 26 26 25 25 25 26 27 28 29 30 28 27 26 26 26 26 27 27 28 29 28 27 27 26 25 28 31 38 43 45 44 46 48 49 48 47 46 46 46 45 45 45 45 46 46 46 46 47 52 55 58 59 58 57 56
43 43 46 47 46 42 36 32 33 35 38 40 40 41 42 43 43 41 38 35 30 27 23 23 23 23 23 23 23 23 23 23 23 23 23 23 23 23 23 23 23 24 24 24 24 26 28 29 28 27 28 28 27 28 27 27 26 27 25 23 23 23 23 23 23 30 36 41 47 48 47 47 47 48 48 47 44 43 43 42 43 43 43 43 43 43 43 44 46 50 53 57 59 59 58 58
39 41 43 43 41 37 34 33 37 38 41 43 44 43 44 45 45 44 37 30 30 27 23 23 23 23 23 23 23 23 23 23 23 23 23 23 23 23 23 23 23 23 23 31 31 31 30 28 26 26 27 28 28 31 23 23 23 23 23 23 23 23 23 23 32 42 52 53 52 50 49 48 48 48 48 47 45 43 43 42 42 43 43 44 44 44 47 52 56 58 58 59 57 55 55 53
39 39 38 34 32 29 27 28 31 33 35 36 38 40 42 44 44 39 33 32 23 23 23 23 23 23 23 23 23 23 23 23 23 23 23 23 23 23 23 23 23 23 23 23 23 23 23 23 23 23 23 23 23 23 23 23 23 23 23 23 23 23 23 29 39 52 55 53 50 49 48 47 48 49 49 48 47 45 45 47 49 48 46 45 44 44 47 51 54 54 54 55 53 50 49 50
38 38 35 31 29 27 25 26 29 30 31 31 32 36 40 42 41 34 29 29 23 23 23 23 23 23 23 23 23 23 23 23 23 23 23 23 23 23 23 23 23 23 23 23 23 23 23 23 23 23 23 23 23 23 23 23 23 23 23 23 23 23 26 34 46 54 53 51 49 48 48 48 48 49 49 48 47 46 46 49 51 51 48 46 45 44 45 48 50 49 49 50 49 48 47 48
34 34 32 28 26 26 25 25 26 26 27 26 26 28 31 32 31 27 26 23 23 23 23 23 23 23 23 23 23 23 23 23 23 23 23 23 23 23 23 23 23 23 23 23 23 23 23 23 23 23 23 23 23 23 23 23 23 23 23 23 23 24 28 39 51 55 51 50 48 49 49 49 48 48 48 48 48 47 47 49 51 52 51 48 46 43 42 43 43 41 41 42 44 45 45 44
31 32 31 28 27 27 28 29 30 30 28 25 23 23 24 25 24 23 23 23 23 23 23 23 23 23 23 23 23 23 23 23 23 23 23 23 23 23 23 23 23 23 23 23 23 23 23 23 23 23 23 23 23 23 23 23 23 23 23 24 26 28 34 40 47 49 50 50 50 49 49 49 48 47 47 47 47 47 47 48 49 49 49 48 47 44 43 43 44 43 43 43 44 44 43 43
27 30 29 28 28 29 30 30 30 29 27 25 24 24 26 28 23 23 23 23 23 23 23 23 23 23 23 23 23 23 23 23 23 23 23 23 23 23 23 23 23 23 23 23 23 23 23 23 23 23 23 23 23 23 23 23 23 23 27 32 32 33 36 41 46 49 49 49 49 48 48 49 48 48 48 50 50 48 48 47 47 47 48 49 48 46 46 46 46 45 45 44 43 43 43 43
29 29 28 28 29 29 29 28 27 26 24 23 24 23 24 23 23 23 23 23 23 23 23 23 23 23 23 23 23 23 23 23 23 23 23 23 23 23 23 23 23 23 23 23 23 23 23 23 29 38 41 43 42 43 45 44 42 43 47 47 44 42 44 46 47 48 48 48 48 48 48 47 46 47 49 49 50 49 49 48 48 48 48 47 47 47 47 47 45 45 45 44 43 43 44 44
30 31 31 30 29 29 29 28 28 27 25 24 23 24 23 23 23 23 23 23 23 23 23 23 23 23 23 23 23 23 23 23 23 23 23 23 23 23 23 23 23 23 28 34 38 45 48 49 50 51 52 53 53 51 50 51 52 52 51 49 46 44 44 46 47 48 48 48 48 48 48 47 46 47 48 48 47 46 47 48 48 47 46 46 47 49 49 48 47 45 45 44 45 46 46 45
31 31 32 31 30 30 30 29 27 27 26 25 24 24 23 23 23 23 23 23 23 23 23 23 23 23 23 23 23 23 23 23 23 23 23 23 23 23 23 23 23 23 29 37 42 51 55 55 53 52 52 53 53 49 49 49 49 49 47 45 44 44 44 45 47 48 49 49 48 47 47 47 47 47 48 48 46 46 46 47 48 47 46 47 48 49 48 47 47 46 46 45 46 47 47 46
31 31 32 33 34 36 33 28 26 26 26 25 25 23 23 23 23 23 23 23 23 23 23 23 23 23 23 23 23 23 23 23 23 23 23 23 23 23 23 24 27 27 35 43 46 49 49 47 46 47 47 46 46 46 45 45 45 46 45 44 44 44 43 45 46 47 48 48 48 47 48 49 49 49 49 48 46 45 46 48 49 49 49 49 50 51 51 50 49 49 49 48 48 48 48 48
32 33 33 34 36 34 30 26 24 24 26 28 27 23 23 23 23 23 23 23 23 23 23 23 23 23 23 23 23 23 23 23 23 23 23 23 23 23 23 27 33 39 45 50 50 48 45 44 45 46 46 44 44 45 45 45 45 46 46 46 46 46 46 47 48 48 47 47 47 48 49 50 50 50 49 49 49 48 48 48 49 49 50 51 52 52 53 52 51 51 51 51 52 50 49 50
30 31 32 32 33 32 27 25 25 25 25 24 23 23 23 23 23 23 23 23 23 23 23 23 23 23 23 23 23 23 23 23 23 23 23 23 23 26 29 35 41 46 47 46 45 44 45 46 46 46 45 43 44 46 46 46 46 46 47 48 48 48 48 48 48 49 48 48 48 47 47 48 48 49 50 51 51 51 51 50 50 50 51 51 52 54 55 54 53 53 53 53 52 52 53 52
29 30 30 29 28 29 27 24 25 26 27 25 23 23 23 23 23 23 23 23 23 23 23 23 23 23 23 23 23 23 23 23 23 23 23 23 25 33 39 47 48 48 47 45 44 43 43 44 45 46 47 47 46 47 48 48 49 49 50 49 50 50 49 49 50 48 47 47 48 48 47 47 48 49 50 51 51 50 50 51 51 51 50 51 52 54 55 55 55 55 55 55 55 56 55 52
25 25 26 27 26 25 24 22 23 23 24 23 23 23 23 23 23 23 23 23 23 23 23 23 23 23 31 40 31 30 30 23 23 23 23 29 38 46 51 52 50 48 47 45 45 44 44 44 46 47 47 47 48 47 49 49 49 49 48 49 50 50 49 50 50 49 49 49 49 49 48 47 47 47 49 50 50 51 51 52 52 52 52 53 54 55 54 55 55 55 55 56 56 56 55 55
24 24 25 26 25 25 24 22 22 23 24 23 23 23 23 23 23 23 23 23 23 23 23 23 23 26 33 37 40 40 39 36 35 33 34 39 46 50 52 52 49 48 47 45 45 45 44 45 46 47 47 48 49 49 49 49 49 48 48 50 51 50 50 49 49 49 49 49 49 48 47 47 48 48 49 49 49 51 51 52 52 52 53 53 54 55 55 55 55 55 55 56 57 55 54 54
24 25 26 26 26 24 24 25 25 24 23 23 23 23 23 23 23 23 23 23 23 23 23 31 43 49 54 56 56 55 53 51 51 49 49 52 53 51 50 48 47 46 47 47 46 45 45 46 48 49 50 50 50 49 49 49 48 47 48 50 51 50 49 49 48 47 47 47 47 47 48 48 49 50 50 49 49 50 50 50 50 52 53 54 55 56 56 56 55 56 56 56 54 53 52 52
