HoopoePrediction/HoopoePrediction/bin/Debug/net5.0/Resources/sh_dem_3.asc
ncols        1437
nrows        1174
xllcorner    8.580972222000
yllcorner    53.865081671284
cellsize     0.000507809480
[rows 936 to 1007 of 1174, columns 1056 to 1151 of 1437]
2 1 0 0 -1 0 0 0 1 2 2 0 -2 -3 -3 -3 -2 -2 -2 -2 -2 -1 -1 0 1 0 1 1 0 -2 -2 -2 -1 1 2 0 -1 0 1 3 5 7 8 9 11 12 12 11 10 10 11 11 11 11 11 11 12 13 13 13 12 11 12 12 13 12 12 11 10 10 10 11 12 12 14 14 13 12 12 11 11 11 11 11 10 10 10 12 12 11 11 12 13 15 18 21
1 0 -1 -1 -2 -1 0 0 1 2 2 1 -1 -3 -2 -2 -1 -2 -2 -2 -2 -1 2 5 8 10 11 12 6 0 -2 -2 -1 2 4 4 3 2 2 4 6 7 8 9 10 11 12 11 10 11 12 12 11 11 11 11 13 14 14 13 12 12 13 12 12 11 11 11 10 10 10 11 12 13 14 13 12 12 12 12 12 11 11 10 10 10 10 12 12 11 11 13 14 16 19 22
2 1 0 -1 -1 -2 -1 0 1 2 3 2 0 -1 -2 -2 -3 -3 -2 -2 -2 -2 2 5 10 14 15 15 13 9 4 3 2 4 7 9 10 10 8 7 9 10 11 11 11 10 10 9 10 11 11 11 11 12 12 12 13 14 15 14 13 13 14 13 12 11 11 11 11 11 11 12 13 14 13 13 12 12 12 11 11 11 10 9 9 9 11 12 12 12 12 13 14 15 17 19
1 1 0 -1 -2 -3 -2 0 1 2 2 2 1 0 -2 -4 -4 -2 -2 -3 -3 -3 -3 -1 3 7 9 11 10 8 7 7 6 7 10 11 9 8 9 10 13 13 12 12 11 10 10 10 11 12 12 11 12 14 14 14 14 15 15 15 15 14 13 14 14 12 12 11 11 11 11 11 12 13 13 13 12 12 12 12 11 11 11 10 11 11 11 12 12 13 13 13 13 15 17 19
1 0 1 1 0 -1 -1 1 1 2 3 2 2 1 1 0 -2 -3 -3 -3 -3 -2 -3 -4 -2 4 7 11 11 10 9 9 10 13 15 13 11 10 10 10 13 14 15 15 14 13 12 13 13 13 14 14 14 15 15 15 15 16 16 16 15 14 14 14 13 12 12 13 12 11 12 13 13 14 16 15 14 14 14 13 13 12 11 11 12 13 13 14 15 16 16 16 16 17 20 22
1 1 0 0 -1 -1 0 0 0 0 0 1 1 1 1 1 0 -1 -2 -2 -2 -3 -3 -2 -3 -1 2 9 13 14 12 12 12 13 14 13 12 13 16 17 18 18 18 18 18 17 16 16 17 17 16 15 15 16 16 16 16 17 18 17 16 15 14 14 14 14 14 14 13 12 12 13 13 13 14 15 15 14 14 13 13 14 14 14 15 15 15 14 14 14 14 14 15 16 15 16
1 0 0 0 -1 -1 -1 -1 -1 -1 0 0 1 1 1 0 -1 -1 -2 -2 -2 -2 -3 -2 -3 -2 -1 5 11 15 14 13 12 13 14 14 15 16 18 19 20 19 18 18 19 19 18 17 17 17 16 16 16 17 17 17 17 17 18 17 16 15 14 15 15 15 15 14 13 13 12 13 13 12 13 15 15 14 14 14 13 14 15 16 16 16 15 14 14 13 13 12 14 15 14 14
1 0 -1 -1 -1 -2 -2 -1 -1 -2 -2 -1 0 1 1 0 0 -1 -1 -2 -2 -1 -1 -1 -2 -2 -2 0 5 10 12 12 13 14 14 15 15 15 16 16 18 22 25 25 25 23 21 20 21 20 19 18 19 19 19 19 20 19 19 19 18 17 16 16 16 17 17 17 16 14 12 13 14 15 15 14 14 13 13 13 12 13 13 14 14 15 16 15 14 12 12 11 12 13 13 13
1 0 -1 -1 -1 -1 -1 -1 -1 -2 -2 -2 -1 0 1 2 2 1 0 -2 -2 -2 -1 0 0 0 0 1 2 3 8 10 12 13 13 13 13 14 16 18 20 23 24 24 24 25 25 25 24 24 24 23 22 22 24 24 23 22 22 22 19 18 17 17 18 18 18 18 17 15 14 14 14 14 14 14 14 13 13 13 14 14 14 13 13 14 14 14 13 12 12 12 11 11 11 11
0 0 -1 0 0 -1 -1 -1 -1 -1 -2 -1 -1 -1 -1 0 2 1 0 -1 -2 -3 -2 -1 -1 -1 -2 -2 -2 0 6 9 13 15 15 15 16 17 19 21 22 22 23 24 25 25 27 28 27 27 28 28 26 26 28 28 27 26 27 26 26 25 24 21 20 20 20 20 19 17 17 16 15 14 14 15 15 14 14 13 14 15 14 13 13 13 13 13 12 12 12 12 12 12 11 11
2 0 -1 -2 -2 -2 -1 -1 -1 -1 -2 -2 -1 -1 -1 -1 0 2 2 2 2 1 0 0 -1 -2 -3 -3 -3 -4 -2 0 7 14 18 19 19 20 21 22 24 26 26 26 26 28 30 32 34 35 35 36 36 34 32 32 31 31 29 28 28 27 27 26 25 25 25 24 22 20 19 18 17 17 17 16 14 13 13 13 14 14 14 14 14 14 13 13 13 12 12 12 12 12 12 13
1 1 2 1 -2 -2 -2 -2 -2 -2 -2 -2 -1 -1 -2 -2 -1 1 2 1 1 0 -2 -3 -3 -2 -3 -3 -3 -3 -2 -1 3 10 17 22 23 23 23 23 25 28 28 28 28 29 31 33 35 36 37 36 34 32 31 31 32 32 30 31 32 31 28 27 27 27 27 26 24 22 21 20 19 19 18 16 15 15 15 15 15 14 14 14 14 13 13 14 14 14 14 13 13 13 13 13
2 2 1 1 -1 -2 -3 -2 -2 -1 -1 -2 -1 -1 -2 -3 -2 1 1 1 1 0 -1 -3 -4 -3 -3 -3 -3 -2 -1 -1 0 6 14 19 21 22 22 24 26 28 28 28 28 29 31 33 33 33 34 33 32 31 31 31 33 34 33 32 33 32 28 28 28 27 27 26 24 22 22 21 20 19 18 16 16 17 17 17 16 15 14 14 14 14 14 15 15 15 15 15 14 14 13 13
2 2 2 1 1 -1 -3 -3 -3 -2 -1 -2 -3 -2 -2 -2 -1 0 1 1 1 3 3 0 -2 -3 -3 -3 -4 -3 -2 -2 -2 1 7 14 20 22 25 25 25 25 26 27 29 30 33 35 34 33 32 31 32 32 32 32 31 32 33 33 33 32 33 33 32 29 28 26 25 24 24 23 22 21 19 17 17 17 17 17 15 14 15 15 15 14 14 13 13 14 14 14 14 13 12 13
-1 0 1 2 2 1 -2 -3 -3 -2 -1 -2 -2 -3 -2 -1 -1 -1 1 3 4 6 7 5 0 -3 -3 -4 -4 -3 -3 -3 -4 -4 -1 5 13 17 24 26 26 26 26 27 29 31 32 33 34 35 36 36 35 32 32 32 32 33 34 34 34 33 32 31 33 33 32 31 30 29 27 26 25 22 20 18 18 18 18 19 18 17 17 16 15 14 13 11 11 13 13 13 13 14 14 14
-3 -3 -2 1 2 2 1 -1 -1 -2 -3 -2 -1 -1 -1 -1 -1 0 1 2 2 3 5 5 2 -1 -3 -3 -4 -4 -3 -3 -3 -4 -4 -1 6 10 16 21 25 27 28 28 29 30 31 32 34 35 35 36 35 34 34 34 34 34 36 36 35 34 34 33 33 33 33 33 33 32 31 30 29 25 23 21 21 22 22 21 20 18 16 15 16 15 14 13 14 14 14 14 14 14 13 13
-2 -1 -1 -1 1 1 1 0 0 0 -1 -2 -2 -2 -2 -2 -2 -1 0 0 0 0 1 1 2 2 0 -3 -3 -4 -3 -3 -3 -2 -3 -3 -1 1 8 15 21 26 26 26 26 28 30 32 33 34 36 35 35 35 36 36 37 37 38 39 38 37 36 35 35 35 35 33 32 31 29 27 26 25 24 24 23 22 22 20 19 19 18 17 17 18 17 16 14 14 14 14 15 15 15 15
-1 0 -1 -2 -1 -1 -2 -2 -2 -1 -2 -3 -4 -3 -2 -1 -1 -1 -1 -1 -1 -1 -1 0 2 3 2 0 -1 -1 -3 -3 -4 -3 -2 -2 -2 -1 -1 4 11 18 23 24 27 29 30 31 33 34 34 35 36 36 36 36 38 40 41 42 41 39 38 37 34 34 34 33 31 30 28 26 26 26 25 24 22 22 22 22 21 20 20 19 19 17 16 17 17 17 17 16 16 16 17 16
-1 -1 -1 -3 -2 -2 -2 -2 -2 -1 -2 -3 -3 -2 -2 -2 -2 -2 -2 -2 -2 -1 -2 -1 2 3 2 1 0 -2 -3 -3 -4 -4 -3 -2 -2 -2 -4 -1 6 12 18 20 25 28 30 30 32 33 32 33 35 35 35 36 38 41 44 45 43 41 38 37 34 33 33 33 31 30 28 27 26 26 25 24 23 23 23 23 21 20 19 19 18 17 17 18 18 18 18 17 17 16 16 16
-2 -3 -3 -3 -2 -2 -2 -1 -1 0 -1 -2 -3 -2 -2 -2 -2 -3 -2 -2 -2 -2 -1 -2 -1 1 1 0 0 -2 -2 -3 -4 -4 -3 -4 -3 -3 -3 -2 -1 2 7 11 19 25 27 27 29 30 32 34 35 34 36 37 40 44 46 46 45 44 40 38 36 33 32 31 31 30 29 27 26 25 25 25 23 22 22 21 22 23 22 20 19 19 20 20 19 18 18 17 17 17 16 16
-2 -3 -2 -2 -2 -3 -2 -2 -2 -2 -2 -2 -3 -4 -3 -2 -3 -4 -4 -3 -3 -3 -4 -5 -4 -2 -1 0 0 0 -3 -3 -4 -4 -3 -3 -3 -3 -3 -3 -2 -1 0 2 7 13 16 18 22 24 27 28 29 31 36 38 43 47 48 46 44 43 40 39 36 33 33 32 31 30 29 28 28 28 26 24 24 23 23 23 23 22 22 21 21 22 22 21 20 19 18 17 16 16 17 18
-2 -3 -3 -3 -2 -3 -2 -2 -2 -1 -1 -1 -2 -3 -3 -2 -4 -5 -5 -4 -4 -4 -3 -4 -4 -3 -2 -1 1 1 0 -1 -2 -3 -3 -3 -3 -3 -2 -1 -2 -2 0 0 2 4 9 15 23 27 32 36 38 40 43 44 46 48 48 47 42 39 36 34 33 32 32 31 30 29 29 28 27 26 26 26 24 24 24 24 24 23 22 21 21 22 22 21 21 19 18 17 16 16 16 17
-2 -2 -3 -4 -2 -1 -1 -2 -2 -1 0 -1 -2 -2 -1 0 -2 -4 -4 -4 -4 -4 -4 -4 -3 -3 -2 0 1 0 2 2 1 0 -1 -2 -3 -4 -3 -3 -3 -3 -3 -3 -2 -1 1 4 11 16 23 31 37 42 45 45 46 47 47 46 44 42 39 34 30 28 28 27 26 25 25 25 24 23 23 23 23 22 22 22 22 22 21 21 21 21 20 21 20 18 18 17 16 16 17 18
-2 -3 -2 -1 0 -1 -3 -3 -2 -1 0 -1 -2 -2 -1 0 -1 -3 -4 -3 -3 -3 -4 -5 -4 -3 -2 0 3 4 3 2 1 0 -1 -2 -3 -4 -5 -5 -4 -3 -3 -3 -4 -5 -4 -2 2 4 11 23 33 41 44 45 47 47 44 39 37 37 35 30 26 23 23 23 23 22 22 23 23 24 23 21 20 21 21 21 21 20 21 22 21 20 20 20 20 18 18 18 19 19 19 19
-2 -2 -1 -1 -1 -1 -2 -2 -2 -1 0 -1 -2 -3 -2 -1 -1 -2 -4 -4 -4 -3 -4 -4 -4 -4 -3 -1 3 5 3 2 0 0 -1 -2 -3 -4 -4 -4 -4 -4 -4 -4 -4 -5 -5 -4 -2 0 6 16 28 36 40 41 43 43 40 35 32 31 30 27 23 20 20 20 22 21 21 21 22 23 23 20 20 20 20 21 20 20 20 21 21 21 21 21 20 19 19 19 20 21 21 21
-2 -2 -2 -2 -2 -1 -1 0 0 0 0 -1 -2 -2 -2 -3 -4 -5 -5 -4 -4 -4 -5 -5 -4 -4 -4 -3 -2 0 2 1 -1 -2 -2 -1 -1 -2 -4 -4 -3 -3 -2 -2 -3 -3 -4 -5 -5 -4 -1 5 15 23 30 31 33 32 30 26 24 23 24 22 21 19 18 16 19 21 21 21 22 22 20 18 18 19 19 20 19 19 19 20 20 21 21 21 19 20 20 21 21 22 24 25
-3 -3 -3 -3 -3 -2 -1 0 0 0 0 1 0 -1 -2 -4 -5 -4 -3 -3 -3 -3 -3 -4 -3 -2 -3 -5 -5 -3 -1 -1 0 -1 2 4 2 0 -4 -4 -3 -2 -2 -2 -2 -2 -3 -4 -5 -5 -4 -1 3 9 18 20 23 26 26 23 19 18 19 19 18 16 15 14 14 17 19 19 18 17 17 18 19 20 20 20 20 20 20 20 21 20 20 21 21 23 23 23 23 24 25 26
-4 -4 -3 -4 -3 0 1 1 1 0 0 -1 -2 -2 -2 -2 -4 -4 -3 -3 -3 -3 -4 -4 -4 -3 -3 -4 -4 -3 -2 -2 -1 -1 1 4 5 5 1 -1 -2 -1 -1 -1 -2 -2 -2 -3 -3 -3 -3 -4 -3 -2 3 5 10 15 17 17 16 15 17 19 15 10 8 6 9 15 18 17 16 16 17 17 18 19 19 18 19 19 18 18 19 20 21 21 22 23 23 23 24 25 26 27
-2 -2 -2 -3 -2 -1 -1 0 0 0 0 -1 -2 -3 -3 -2 -4 -4 -2 -2 -3 -4 -4 -4 -4 -4 -4 -4 -5 -5 -4 -4 -4 -4 -2 0 4 7 8 5 1 -2 -3 -3 -4 -3 -4 -4 -3 -3 -3 -3 -4 -5 -4 -3 0 3 5 7 9 10 13 12 8 4 4 5 11 16 18 18 17 17 17 16 16 17 17 17 17 18 18 19 20 21 20 20 20 20 20 20 20 22 23 23
-2 -1 -1 -2 -2 -3 -2 -2 -2 -1 0 -1 -1 -2 -2 -3 -4 -3 -2 -2 -2 -2 -3 -3 -4 -5 -4 -3 -4 -5 -4 -4 -4 -4 -3 -1 3 6 8 7 3 -2 -3 -3 -4 -3 -3 -3 -3 -3 -3 -3 -4 -4 -4 -4 -3 -2 1 4 6 8 11 9 4 2 3 8 13 17 19 18 16 15 15 15 14 15 15 16 17 17 18 18 19 19 19 19 19 19 19 18 18 19 20 21
-1 -1 -1 -1 -2 -3 -3 -3 -3 -2 -2 -2 -2 -3 -3 -2 -2 -1 -1 -1 -1 -1 -2 -3 -4 -5 -4 -3 -3 -3 -4 -4 -4 -3 -3 -3 -1 1 4 3 0 -3 -3 -4 -5 -4 -3 -3 -3 -3 -2 -2 -3 -3 -3 -3 -3 -4 -3 -1 1 2 4 3 0 0 1 5 10 16 19 17 16 14 13 13 12 14 15 16 16 16 16 16 16 17 16 15 15 16 16 16 16 16 17 18
-2 -2 -2 -2 -3 -3 -2 -1 -1 -1 -2 -3 -3 -2 -1 0 -1 -2 -2 -2 -2 -2 -3 -3 -2 -2 -3 -4 -3 -2 -3 -3 -3 -4 -3 -3 -3 -3 -2 -3 -3 -4 -4 -4 -4 -4 -3 -3 -3 -2 -2 -2 -2 -3 -3 -3 -3 -3 -3 -3 -3 -3 -3 -1 0 1 2 5 8 12 14 15 14 13 12 13 15 16 16 16 16 15 14 14 14 15 14 12 13 18 18 17 16 15 14 14
-3 -3 -3 -2 -2 -2 -2 -2 -2 -2 -1 -1 -2 -3 -2 0 0 -1 -2 -2 -2 -1 -1 -1 -2 -2 -3 -3 -4 -4 -3 -3 -3 -3 -3 -3 -4 -4 -4 -5 -6 -4 -2 -2 -2 -2 -3 -3 -4 -4 -4 -3 -2 -3 -4 -4 -3 -3 -3 -4 -4 -5 -4 -2 -1 1 3 6 8 11 12 12 11 11 11 10 10 11 11 13 14 12 9 9 10 10 10 10 10 10 10 11 14 15 15 14
-3 -4 -3 -1 0 -1 -2 -2 -2 -2 -2 -1 -1 -2 -1 -1 -1 -2 -2 -1 -2 -3 -3 -3 -3 -3 -3 -3 -3 -2 -2 -2 -2 -3 -4 -4 -4 -3 -4 -4 -5 -5 -3 -3 -2 -1 -1 -2 -3 -2 -2 -2 -3 -3 -4 -4 -3 -2 -3 -3 -3 -4 -4 -2 -1 -1 -1 2 7 11 11 10 11 12 11 9 9 6 5 5 7 7 4 2 3 2 2 3 4 3 3 7 12 14 14 13
-3 -3 -3 -1 1 1 -1 -2 -2 -2 -1 0 0 -1 -1 0 -1 -1 -1 0 -1 -3 -4 -4 -3 -3 -2 -2 -3 -2 -3 -3 -4 -4 -4 -4 -3 -3 -3 -3 -4 -4 -2 -2 -1 0 0 -1 -2 -2 -2 -3 -3 -3 -4 -4 -3 -3 -4 -5 -4 -4 -3 -2 -2 -2 -2 -1 -1 2 5 6 6 7 9 9 9 6 5 3 2 3 1 -1 -2 -1 0 1 2 2 2 4 6 8 9 8
-3 -3 -3 -2 -1 -1 -2 -3 -3 -1 0 0 0 0 -1 -1 -1 -1 -1 -1 -2 -3 -4 -3 -2 -2 -2 -2 -2 -2 -3 -3 -4 -4 -3 -3 -3 -3 -3 -4 -5 -5 -3 -3 -2 -1 0 -1 -2 -1 -2 -2 -3 -3 -4 -4 -3 -3 -4 -4 -4 -3 -2 -3 -2 -2 -2 -1 -1 0 2 3 4 6 8 9 9 6 5 3 2 1 0 -1 -2 -1 1 2 3 3 3 3 3 6 8 7
-2 -2 -2 -2 -2 -1 -1 -2 -2 -3 -2 -3 -3 -2 -1 -1 -1 -1 0 -1 -1 -1 -1 -1 -1 -2 -3 -3 -2 -3 -3 -3 -3 -3 -3 -3 -3 -3 -4 -5 -3 -3 -3 -3 -3 -2 0 0 -1 -1 -1 0 0 -3 -3 -3 -4 -4 -5 -4 -4 -4 -4 -3 -4 -3 -3 -2 -2 -2 -2 -2 -1 1 3 3 4 3 3 1 0 0 0 -1 -2 1 6 6 4 7 10 13 14 12 10 8
-3 -3 -3 -3 -2 -2 -2 -3 -3 -4 -5 -4 -3 -3 -3 -1 -1 0 0 -1 -1 -1 0 -1 -2 -3 -4 -4 -4 -4 -5 -5 -4 -3 -3 -4 -5 -4 -4 -3 -2 -3 -4 -4 -3 -3 -1 0 0 1 1 0 -1 -1 -1 -1 -2 -3 -4 -4 -4 -3 -2 -3 -5 -4 -4 -3 -3 -3 -4 -4 -4 -4 -3 -1 -2 -1 -1 -1 -1 -2 -2 0 1 4 6 8 10 9 10 11 12 13 13 13
-3 -4 -5 -3 -3 -3 -3 -3 -3 -3 -4 -5 -4 -3 -3 -2 -1 -1 -2 -2 -2 -1 0 0 -1 -2 -2 -4 -4 -5 -4 -4 -4 -4 -4 -4 -4 -5 -4 -3 -4 -6 -6 -5 -4 -4 -2 -1 0 0 0 0 1 1 -2 -2 -2 -3 -3 -4 -5 -4 -3 -3 -4 -3 -3 -4 -5 -4 -4 -4 -4 -4 -4 -3 -4 -5 -5 -5 -4 -3 -2 -3 -3 -3 -1 0 0 2 3 5 8 12 14 14
-2 -3 -3 -3 -3 -4 -3 -1 -1 -2 -4 -5 -5 -4 -4 -4 -3 -2 -2 -2 -2 -1 -1 -1 -1 -1 -2 -2 -3 -3 -2 -2 -3 -3 -4 -3 -3 -4 -5 -5 -5 -6 -4 -4 -3 -3 -3 -2 -2 -1 0 1 2 0 -1 -1 -2 -3 -3 -3 -4 -5 -4 -3 -4 -4 -4 -3 -4 -4 -5 -4 -3 -2 -2 -3 -3 -3 -3 -3 -3 -3 -3 -4 -4 -4 -3 -3 -3 -1 -1 0 2 5 9 11
-3 -3 -3 -3 -4 -4 -4 -4 -4 -3 -3 -3 -4 -4 -4 -4 -4 -4 -3 -1 -1 0 0 0 -1 -2 -2 -1 -3 -3 -3 -3 -5 -6 -5 -4 -3 -3 -3 -3 -5 -6 -5 -5 -4 -4 -4 -3 -2 -1 1 2 2 0 -1 -1 -1 -1 -2 -3 -3 -4 -3 -3 -5 -4 -4 -3 -3 -3 -3 -3 -3 -2 -2 -3 -3 -3 -4 -5 -5 -5 -4 -4 -4 -4 -4 -4 -3 -2 -2 -2 -3 -4 -1 2
-3 -2 -2 -3 -5 -5 -4 -4 -4 -3 -2 -3 -4 -4 -4 -3 -4 -4 -3 -1 -1 0 -1 0 -1 -2 -3 -2 -3 -3 -3 -3 -5 -6 -5 -3 -3 -3 -2 -3 -5 -5 -5 -5 -4 -4 -4 -4 -2 -1 0 1 0 0 -1 -1 -1 -1 -1 -2 -2 -1 -1 -2 -3 -4 -4 -3 -3 -3 -3 -3 -2 -3 -2 -2 -3 -4 -4 -5 -4 -4 -3 -3 -3 -3 -4 -4 -4 -3 -3 -3 -3 -3 -3 -2
-3 -4 -4 -3 -5 -5 -5 -4 -4 -4 -4 -3 -3 -3 -2 -2 -4 -4 -2 -3 -3 -3 -2 -2 -2 -2 -2 -2 -3 -4 -4 -4 -3 -4 -4 -3 -2 -3 -3 -2 -3 -3 -3 -3 -4 -5 -5 -4 -2 -1 0 0 0 0 0 0 0 0 -1 -1 0 0 1 0 -1 -2 -2 -3 -2 -2 -3 -3 -2 -2 -2 -3 -3 -3 -3 -3 -2 -2 -3 -3 -2 -3 -4 -4 -3 -4 -4 -4 -4 -3 -4 -4
-2 -3 -3 -3 -3 -3 -4 -4 -4 -4 -3 -3 -3 -3 -4 -3 -3 -3 -3 -3 -3 -3 -2 -1 -2 -2 -1 -1 -1 -2 -2 -2 -3 -4 -4 -4 -4 -3 -3 -4 -4 -4 -4 -4 -3 -3 -3 -4 -4 -3 -3 -3 -2 0 0 0 1 2 1 1 0 0 -1 -1 -1 -2 -2 -3 -3 -4 -3 -3 -3 -3 -3 -3 -3 -3 -3 -3 -4 -3 -3 -2 -3 -3 -3 -3 -4 -4 -4 -4 -3 -3 -3 -3
-3 -3 -3 -3 -4 -4 -4 -4 -4 -3 -3 -3 -3 -5 -6 -5 -3 -2 -3 -3 -3 -2 -2 -2 -2 -1 0 -1 -2 -3 -3 -3 -3 -3 -3 -3 -4 -3 -3 -3 -4 -4 -4 -4 -4 -3 -4 -4 -4 -4 -4 -3 -3 -1 -1 -1 -1 0 1 2 2 1 0 -1 -1 0 0 -1 -2 -2 -2 -2 -3 -3 -3 -3 -3 -3 -3 -3 -3 -4 -3 -2 -2 -3 -3 -3 -3 -3 -3 -3 -3 -3 -3 -4
-2 -2 -3 -3 -4 -3 -3 -2 -2 -2 -3 -4 -3 -3 -3 -3 -3 -2 -2 -2 -2 -2 -2 -2 -3 -2 -1 -2 -3 -2 -2 -2 -2 -2 -2 -3 -4 -4 -4 -4 -4 -4 -4 -4 -4 -4 -5 -5 -4 -4 -4 -5 -5 -3 -2 -2 -2 -1 0 0 1 1 0 0 -1 -1 -1 0 -1 -2 -3 -2 -3 -3 -4 -5 -4 -4 -4 -4 -3 -3 -4 -3 -2 -2 -2 -2 -2 -2 -2 -3 -3 -4 -4 -5
-3 -3 -4 -4 -4 -4 -3 -2 -2 -2 -3 -4 -2 -1 -1 -1 -1 -2 -3 -4 -4 -4 -4 -4 -4 -3 -2 -1 -2 -2 -1 -1 -2 -3 -2 -3 -4 -4 -5 -4 -3 -2 -3 -3 -3 -3 -4 -5 -5 -5 -4 -4 -4 -2 -1 -1 -1 0 1 1 1 1 1 0 0 0 0 -1 0 0 -1 -2 -2 -2 -3 -3 -3 -3 -3 -3 -2 -1 -1 -2 -3 -3 -2 -2 -3 -3 -3 -3 -3 -2 -2 -3
-4 -5 -5 -4 -3 -3 -1 -2 -2 -2 -2 -2 -2 -1 0 0 -1 -2 -4 -4 -4 -4 -4 -5 -5 -3 -2 -1 -2 -2 -2 -2 -2 -3 -2 -3 -3 -3 -3 -4 -3 -2 -3 -3 -3 -4 -4 -5 -5 -4 -3 -4 -4 -3 -2 -2 -1 0 1 0 0 0 1 1 1 0 0 -1 0 0 -1 -2 -3 -3 -3 -3 -3 -3 -3 -4 -2 -1 0 -2 -3 -2 -2 -2 -2 -3 -3 -4 -4 -3 -2 -3
-4 -4 -4 -3 -2 -2 -1 -1 -1 -2 -2 -2 -2 -1 -1 -1 -2 -2 -2 -2 -2 -3 -4 -5 -4 -4 -3 -3 -3 -3 -3 -3 -4 -4 -3 -3 -3 -2 -3 -4 -3 -2 -3 -3 -4 -5 -5 -5 -4 -3 -3 -4 -4 -4 -3 -3 -2 -1 -1 -1 -1 0 1 1 1 1 1 0 -1 -1 -1 -2 -3 -4 -4 -4 -4 -4 -4 -4 -3 -2 -1 -2 -3 -3 -3 -3 -3 -3 -3 -3 -3 -2 -2 -3
-3 -3 -2 -2 -2 -2 -3 -3 -3 -2 -1 -2 -3 -3 -2 -1 -1 0 1 0 -1 -3 -4 -4 -3 -2 -3 -4 -4 -3 -3 -3 -3 -3 -4 -3 -2 -3 -3 -3 -3 -3 -4 -4 -4 -4 -4 -5 -5 -4 -4 -5 -4 -3 -3 -3 -3 -2 -1 -1 -1 0 0 -1 0 0 0 0 0 0 -1 -2 -3 -3 -3 -3 -2 -2 -2 -3 -3 -3 -2 -3 -3 -3 -1 -2 -3 -3 -3 -3 -3 -3 -4 -4
-3 -2 -3 -4 -3 -3 -3 -3 -3 -4 -3 -3 -3 -2 -2 -1 1 0 -1 -4 -4 -5 -5 -4 -3 -2 -2 -4 -5 -4 -4 -4 -3 -2 -2 -2 -2 -2 -2 -2 -1 -2 -3 -3 -4 -4 -5 -5 -4 -4 -3 -4 -4 -3 -3 -3 -3 -3 -3 -2 -2 -2 -2 -1 0 -1 -1 -1 -1 -1 -1 -1 -1 -2 -2 -3 -4 -4 -4 -5 -5 -4 -3 -2 -3 -3 -2 -2 -2 -2 -2 -3 -4 -5 -4 -4
-2 -2 -3 -3 -2 -3 -2 -2 -2 -2 -2 -3 -3 -2 -2 -1 0 0 -1 -3 -3 -4 -3 -2 -3 -4 -3 -3 -3 -2 -2 -2 -3 -3 -3 -3 -2 -2 -1 -2 -3 -3 -4 -4 -4 -4 -5 -6 -5 -5 -5 -5 -5 -3 -3 -3 -3 -3 -3 -3 -2 -1 -1 -1 0 1 1 0 0 0 0 0 -1 -1 -1 -2 -3 -3 -3 -4 -4 -3 -2 -3 -3 -3 -3 -4 -5 -4 -4 -4 -4 -4 -4 -4
-2 -2 -1 -2 -2 -3 -3 -3 -3 -3 -2 -2 -3 -3 -3 -2 -1 0 -1 -3 -3 -3 -2 -2 -3 -3 -2 -2 -2 -2 -3 -3 -2 -2 -2 -3 -4 -3 -2 -3 -4 -4 -4 -4 -4 -4 -5 -5 -4 -4 -5 -5 -5 -3 -3 -3 -4 -4 -3 -3 -2 -2 -1 -1 0 1 1 0 0 0 0 -1 -1 -1 -1 -1 -2 -3 -3 -4 -4 -4 -3 -3 -3 -3 -3 -4 -5 -4 -4 -4 -3 -3 -3 -3
-3 -4 -4 -3 -3 -3 -4 -5 -4 -3 -2 -3 -3 -3 -3 -3 -3 -2 -1 -3 -3 -3 -2 -2 -2 -2 -2 -3 -3 -3 -3 -3 -3 -3 -3 -3 -4 -3 -3 -3 -4 -4 -3 -3 -4 -5 -5 -4 -3 -4 -5 -5 -6 -5 -3 -3 -4 -4 -4 -3 -2 -1 -2 -2 -1 -1 0 1 2 0 -1 -2 -1 -1 -1 -1 -3 -2 -2 -2 -3 -3 -3 -3 -2 -2 -3 -2 -2 -2 -2 -2 -2 -3 -4 -4
-3 -4 -3 -2 -3 -2 -3 -3 -3 -2 -2 -3 -2 -2 -3 -4 -3 -2 -2 -2 -2 -3 -3 -2 -2 -2 -3 -2 -2 -3 -3 -3 -3 -3 -2 -2 -3 -3 -2 -2 -4 -4 -3 -3 -3 -4 -5 -4 -4 -3 -3 -4 -5 -5 -4 -4 -3 -3 -3 -4 -3 -3 -2 -2 -2 -2 -2 -1 0 0 -1 -1 -2 -3 -2 -1 -2 -1 -1 -1 -1 -2 -3 -3 -3 -3 -3 -2 -2 -3 -3 -4 -3 -2 -2 -3
-3 -4 -3 -2 -3 -2 -2 -3 -3 -2 -3 -3 -2 -3 -4 -4 -3 -2 -1 -1 -1 -1 -1 -1 -2 -3 -3 -3 -2 -3 -3 -3 -3 -3 -3 -2 -3 -3 -4 -3 -4 -5 -4 -4 -4 -5 -5 -4 -4 -3 -3 -2 -4 -4 -4 -4 -3 -3 -3 -4 -3 -2 -2 -2 -2 -3 -2 -1 -1 0 0 -2 -3 -3 -3 -2 -1 -1 -1 -1 -2 -3 -3 -2 -3 -2 -1 -2 -3 -4 -4 -5 -4 -3 -2 -1
-2 -3 -3 -3 -3 -3 -3 -3 -3 -4 -4 -4 -4 -3 -3 -3 -3 -2 -1 -1 -1 0 0 -1 -2 -2 -2 -2 -1 -2 -3 -3 -3 -3 -3 -2 -3 -4 -5 -4 -4 -5 -5 -5 -4 -4 -3 -3 -4 -5 -5 -5 -5 -4 -3 -3 -3 -3 -3 -4 -3 -2 -3 -4 -4 -3 -3 -2 -1 0 -1 -1 -1 -2 -2 -2 -3 -3 -3 -1 0 0 0 0 -1 -2 -3 -4 -4 -3 -3 -3 -2 -1 -1 -2
-3 -3 -3 -2 -2 -2 -2 -3 -3 -4 -4 -3 -2 -3 -2 -2 -3 -3 -2 -1 0 1 0 -1 -2 -1 -1 -1 -1 -2 -3 -3 -2 -2 -3 -3 -2 -3 -4 -3 -3 -4 -4 -4 -3 -4 -4 -4 -3 -3 -3 -3 -3 -4 -4 -4 -4 -3 -3 -4 -4 -4 -5 -5 -4 -4 -4 -2 -1 0 -1 -1 0 -1 -1 0 0 0 0 0 -1 0 0 -1 -2 -3 -4 -5 -5 -4 -4 -3 -2 -2 -2 -2
-2 -2 -2 -2 -2 -2 -2 -2 -3 -4 -4 -3 -3 -3 -2 -2 -3 -4 -3 -1 -1 0 0 -1 -2 -2 -1 -2 -1 -2 -2 -2 -3 -2 -2 -2 -2 -2 -3 -3 -2 -3 -3 -3 -3 -4 -4 -3 -3 -3 -2 -3 -3 -3 -3 -3 -4 -4 -3 -4 -4 -5 -5 -5 -4 -3 -3 -2 -1 -1 -1 -1 -1 -1 -1 0 0 0 0 -1 -1 0 0 -1 -2 -4 -4 -5 -4 -3 -3 -2 -2 -2 -3 -3
-2 -2 -1 -1 -2 -3 -3 -2 -2 -1 -2 -2 -2 -2 -2 -3 -3 -3 -3 -2 -2 -1 -1 -1 -1 -2 -2 -2 -1 -2 -2 -2 -3 -3 -2 -1 -3 -4 -4 -5 -4 -3 -4 -4 -4 -4 -5 -5 -4 -4 -3 -3 -3 -3 -2 -2 -3 -4 -5 -5 -4 -4 -5 -4 -3 -3 -3 -4 -3 -2 -1 0 0 0 0 0 -1 -2 -2 -2 -2 -2 -1 0 -1 -2 -3 -3 -3 -2 -2 -1 -2 -3 -3 -4
-3 -2 -2 -2 -2 -2 -2 -2 -2 -3 -2 -2 -3 -4 -5 -4 -3 -4 -4 -3 -3 -2 -2 -2 -2 -2 -2 -2 -1 -2 -2 -2 -2 -3 -3 -2 -2 -3 -4 -4 -4 -3 -4 -4 -4 -4 -3 -3 -4 -4 -4 -4 -4 -4 -3 -3 -2 -3 -4 -5 -4 -3 -4 -4 -4 -5 -5 -4 -4 -3 -3 -2 -1 0 1 0 -1 -3 -3 -2 -2 -2 -1 -1 0 0 0 -2 -3 -3 -2 -1 -2 -3 -2 -2
-3 -3 -3 -3 -3 -2 -2 -3 -3 -3 -3 -3 -3 -3 -4 -5 -4 -3 -3 -3 -3 -3 -3 -3 -2 -2 -2 -2 -2 -1 -2 -2 -3 -3 -4 -4 -4 -3 -3 -3 -3 -3 -3 -3 -4 -4 -3 -2 -2 -3 -3 -4 -4 -3 -3 -3 -3 -3 -4 -4 -4 -5 -5 -4 -4 -5 -5 -4 -4 -4 -4 -3 -2 -1 -1 -1 -1 -2 -2 -2 -2 -2 -1 -1 -2 -1 1 0 -1 -1 -1 -2 -1 -2 -3 -3
-3 -3 -3 -2 -2 -2 -2 -2 -2 -3 -3 -2 -1 -3 -4 -5 -4 -4 -3 -2 -2 -2 -2 -2 -2 -2 -3 -3 -2 -2 -2 -2 -2 -3 -3 -4 -4 -3 -2 -2 -3 -4 -4 -4 -5 -6 -4 -2 -3 -4 -4 -4 -4 -3 -3 -3 -4 -4 -4 -3 -4 -5 -5 -5 -5 -4 -4 -4 -4 -4 -5 -4 -3 -3 -2 -1 -1 -1 -1 -1 -2 -2 -1 -2 -3 -3 -2 0 1 0 0 -1 -1 -2 -4 -4
-2 -2 -3 -3 -3 -3 -2 -2 -2 -3 -3 -2 -2 -2 -2 -2 -3 -3 -3 -3 -3 -3 -2 -1 -2 -2 -3 -3 -3 -3 -2 -2 -3 -4 -3 -3 -4 -4 -3 -2 -3 -3 -3 -3 -3 -4 -4 -3 -2 -3 -3 -3 -3 -2 -3 -3 -4 -5 -4 -3 -3 -4 -5 -5 -5 -4 -4 -4 -5 -4 -3 -3 -3 -2 -2 -3 -3 -1 -1 -1 -1 -1 -2 -2 -2 -2 -2 -2 -2 0 0 0 0 -2 -3 -3
-3 -3 -3 -3 -3 -3 -3 -3 -3 -4 -3 -2 -2 -3 -3 -3 -3 -3 -3 -3 -3 -4 -5 -5 -3 -2 -2 -3 -3 -2 -2 -2 -2 -2 -2 -2 -2 -2 -3 -3 -3 -4 -4 -4 -4 -4 -4 -4 -4 -3 -3 -3 -3 -3 -3 -3 -3 -4 -5 -5 -5 -5 -5 -4 -4 -4 -4 -5 -4 -5 -5 -4 -3 -2 -2 -1 -2 -2 -1 0 1 0 -1 -2 -3 -2 -2 -4 -4 -3 -3 -1 0 1 0 -1
-2 -2 -2 -3 -3 -3 -3 -2 -2 -2 -3 -2 -2 -2 -2 -2 -3 -4 -3 -4 -4 -4 -3 -4 -4 -3 -2 -2 -2 -3 -4 -4 -3 -2 -2 -3 -2 -3 -4 -4 -4 -4 -4 -4 -4 -4 -3 -2 -3 -3 -4 -3 -3 -4 -4 -4 -3 -3 -3 -4 -4 -4 -4 -3 -3 -4 -4 -5 -5 -5 -4 -4 -3 -3 -2 -1 0 0 0 1 2 1 0 -1 -2 -3 -2 -2 -3 -4 -4 -2 0 1 0 -1
0 -2 -3 -3 -3 -4 -4 -3 -3 -3 -3 -3 -2 -2 -1 -1 -2 -3 -2 -2 -2 -2 -2 -3 -3 -2 -2 -3 -4 -3 -3 -3 -3 -4 -3 -2 -2 -3 -4 -4 -2 -1 -2 -2 -3 -4 -3 -3 -4 -3 -3 -3 -3 -4 -3 -3 -4 -4 -3 -4 -4 -3 -3 -3 -3 -4 -4 -4 -4 -4 -4 -4 -3 -2 -1 -1 0 0 0 0 0 0 1 0 0 -2 -2 -1 -1 -2 -2 -3 -3 -3 -2 -2
-1 -3 -4 -4 -3 -4 -4 -3 -3 -3 -3 -3 -4 -4 -3 -4 -3 -3 -3 -2 -2 -2 -3 -2 -1 -1 -2 -3 -3 -2 0 0 -1 -2 -2 -1 -2 -3 -3 -5 -4 -3 -3 -3 -3 -3 -3 -3 -2 -3 -4 -4 -4 -4 -3 -3 -3 -3 -2 -3 -2 -2 -3 -4 -3 -2 -2 -2 -3 -3 -3 -3 -3 -2 -1 0 0 -1 -1 -1 -1 0 0 0 -1 -1 0 0 -1 -2 -2 -3 -4 -4 -3 -2
-4 -5 -5 -4 -4 -3 -2 -3 -3 -3 -2 -2 -3 -3 -3 -3 -3 -3 -3 -2 -2 -1 -2 -2 -2 -3 -4 -3 -3 -2 -2 -2 -2 -3 -4 -3 -2 -2 -2 -3 -2 -1 -1 -2 -3 -3 -3 -2 -2 -2 -3 -3 -4 -4 -4 -4 -4 -4 -4 -4 -3 -2 -3 -3 -2 -1 -1 -1 -2 -2 -2 -3 -3 -3 -2 -2 -2 -2 -2 -2 -2 -1 -1 0 0 -1 -1 -1 -2 -2 -3 -4 -4 -4 -3 -3
-4 -5 -4 -4 -3 -2 -2 -2 -2 -3 -3 -2 -3 -4 -4 -3 -3 -4 -3 -2 -2 -1 -2 -2 -2 -2 -2 -3 -3 -3 -3 -3 -3 -4 -5 -4 -3 -2 -2 -3 -3 -2 -2 -2 -2 -2 -2 -2 -2 -2 -3 -2 -3 -4 -4 -4 -3 -3 -3 -3 -3 -2 -2 -1 -1 -1 -1 -1 -2 -1 -2 -3 -3 -2 -2 -3 -2 -1 -1 -2 -3 -2 -1 0 0 -1 -2 -2 -2 -3 -3 -4 -4 -4 -3 -4
-5 -6 -5 -4 -3 -3 -2 -3 -3 -3 -4 -5 -5 -5 -4 -4 -4 -4 -2 -1 -1 -2 -2 -2 -2 -2 -2 -3 -4 -4 -4 -4 -3 -3 -3 -2 -3 -3 -2 -2 -2 -2 -3 -3 -3 -3 -3 -2 -1 -1 -2 -3 -4 -3 -3 -3 -2 -3 -2 -1 -2 -2 -2 -1 -1 -1 -1 -1 -1 -1 -2 -3 -2 -2 -3 -3 -3 -2 -2 -2 -3 -2 -1 -1 -1 -1 -1 -2 -2 -3 -3 -3 -2 -1 -2 -3
-4 -3 -4 -4 -3 -3 -3 -3 -3 -3 -4 -4 -4 -4 -3 -2 -2 -3 -3 -2 -2 -2 -2 -3 -3 -3 -2 -2 -3 -4 -3 -3 -3 -2 -2 -3 -3 -3 -3 -3 -1 -2 -3 -3 -2 -2 -3 -3 -2 -2 -2 -3 -3 -3 -2 -2 -2 -1 -1 -1 -1 -2 -2 -2 -1 -1 -1 -1 0 -1 -1 -2 -2 -3 -3 -3 -3 -3 -3 -3 -3 -2 -2 -2 -2 -1 -2 -2 -2 -2 -2 -3 -3 -2 -2 -3
