HoopoePrediction/HoopoePrediction/bin/Debug/net5.0/Resources/sh_dem_3.asc
ncols        1437
nrows        1174
xllcorner    8.580972222000
yllcorner    53.865081671284
cellsize     0.000507809480
[rows 720 to 791 of 1174, columns 1056 to 1151 of 1437]
-3 -3 -2 -1 -2 -2 -1 -1 -1 -1 -1 0 0 1 2 5 7 9 10 12 12 11 11 12 13 14 13 10 9 9 8 8 8 8 9 10 11 11 11 12 14 14 14 14 15 15 16 17 18 19 21 23 22 22 22 22 23 24 23 22 23 24 26 26 25 25 25 25 25 25 25 24 24 26 25 24 23 21 21 20 19 18 16 15 14 12 13 14 13 15 16 20 24 27 28 27
-3 -3 -2 -2 -1 -2 -2 -1 -1 0 0 1 1 3 5 10 11 12 13 14 14 16 17 17 17 16 15 13 12 12 11 11 11 11 11 12 13 13 14 15 14 14 15 15 17 19 20 20 20 21 22 22 22 23 23 23 24 25 25 24 23 23 22 22 23 24 24 25 24 24 23 22 22 21 20 19 17 16 16 16 15 15 15 14 13 12 11 11 12 13 13 13 17 21 24 25
-1 -2 -1 -1 -1 -1 -3 -3 -2 -1 1 2 2 3 5 9 10 9 11 15 16 17 19 20 21 18 15 11 9 9 10 10 11 12 13 13 14 15 16 18 18 20 21 21 22 22 22 23 23 23 23 22 23 24 24 24 23 23 23 23 22 22 21 21 20 21 21 21 21 20 19 19 18 17 15 13 12 12 12 12 12 12 13 13 12 11 11 11 11 11 12 13 14 17 21 23
1 0 -1 -1 0 0 -1 -1 -1 -1 0 1 1 1 1 3 8 11 13 15 15 17 19 20 19 15 12 8 8 9 10 10 11 13 15 17 18 19 19 20 20 22 23 23 24 23 24 25 25 25 24 23 23 22 21 21 21 20 20 20 19 18 19 18 19 19 19 17 16 15 14 14 13 13 12 11 10 10 10 9 10 11 10 10 10 10 10 10 10 10 10 10 10 13 16 18
1 1 1 0 0 0 0 0 0 -1 -1 0 1 1 1 3 7 11 15 16 16 16 17 18 18 14 12 9 8 10 11 11 11 13 16 19 20 20 20 21 22 21 22 23 24 24 24 24 25 25 25 24 23 22 21 21 20 19 19 19 18 18 16 16 17 17 17 16 14 13 13 12 11 10 11 11 9 9 9 8 9 10 10 10 10 10 9 9 9 10 10 10 10 11 14 16
3 4 4 2 0 0 -1 -1 -1 -1 -1 0 0 1 1 1 6 10 11 12 12 13 14 14 13 12 11 10 10 10 12 12 13 14 16 18 20 21 22 22 23 23 23 23 23 23 24 24 23 24 24 22 21 20 21 21 20 18 17 16 15 16 15 13 12 12 12 12 11 10 10 10 10 9 9 10 9 8 8 8 8 9 9 9 9 9 10 10 9 9 9 9 10 11 12 13
5 4 4 3 2 1 0 -1 -1 0 0 -1 0 1 2 3 5 8 8 8 8 9 11 12 13 13 12 12 13 14 15 15 16 16 17 18 19 20 21 22 24 23 22 22 23 22 23 24 24 23 22 20 19 18 17 17 16 15 15 14 13 12 12 11 11 10 10 9 9 8 8 9 9 8 8 8 8 8 8 8 8 9 9 9 8 9 9 10 10 8 8 8 9 10 11 12
4 3 3 2 1 1 2 2 2 2 2 1 2 4 5 5 5 7 8 8 8 7 9 11 12 13 13 13 15 15 16 16 16 16 17 17 18 19 23 27 25 24 22 22 21 22 21 21 19 18 19 18 16 16 15 15 14 14 14 12 11 12 12 11 11 10 9 8 8 8 9 9 8 8 9 9 10 10 10 10 10 9 9 8 8 8 7 7 8 8 8 9 10 10 11 12
2 3 3 1 0 1 1 1 1 1 2 3 3 4 5 6 6 7 8 8 8 9 10 12 14 15 15 15 15 16 17 17 17 18 22 26 29 30 30 29 27 24 22 21 20 19 18 17 17 16 14 14 14 13 12 12 13 13 12 11 10 10 10 10 9 9 9 10 11 11 10 9 9 9 9 9 10 10 10 10 10 9 10 9 8 8 7 7 9 11 12 13 15 17 17 17
2 2 3 3 2 1 1 1 1 2 2 2 3 4 5 6 7 7 8 10 10 10 12 13 14 15 15 16 16 17 17 18 19 20 24 29 31 31 30 29 26 22 20 20 19 18 16 15 15 14 13 13 13 11 11 11 12 12 11 10 9 9 9 9 8 7 8 10 12 13 11 10 10 10 9 9 9 9 9 9 9 10 10 10 10 10 8 7 9 11 12 14 16 18 17 16
6 5 5 5 4 3 3 3 3 4 4 4 4 5 5 7 8 10 11 12 12 12 13 14 15 16 17 16 19 20 19 19 19 19 20 23 26 27 26 23 20 19 16 16 15 13 12 12 12 12 12 12 11 10 10 10 9 9 10 9 8 9 10 8 7 6 6 6 8 9 10 9 9 8 8 8 9 9 9 9 10 10 10 10 11 12 11 9 9 10 10 11 12 12 12 11
7 7 6 6 5 5 5 4 4 5 5 5 6 8 9 10 11 12 13 15 15 15 17 18 18 18 19 19 19 19 19 19 17 16 15 17 19 20 18 15 14 12 13 13 12 12 11 11 11 10 10 11 11 9 8 8 7 8 9 9 8 8 8 8 7 5 5 4 6 7 7 8 7 7 7 7 8 9 9 10 10 10 10 10 10 11 11 11 11 11 11 10 10 11 12 12
10 9 8 7 6 6 7 7 7 6 6 8 10 12 13 13 12 10 9 10 12 16 17 18 18 19 20 19 19 19 19 18 16 14 14 14 13 13 12 12 10 9 10 10 11 11 11 10 10 10 10 10 9 8 8 8 7 7 6 5 5 6 5 7 7 5 5 4 4 4 4 5 5 5 8 9 9 10 10 11 10 10 11 10 10 9 9 9 9 9 9 10 11 12 13 14
10 10 10 9 9 9 10 11 11 10 10 11 13 14 15 16 15 12 12 14 15 18 19 19 20 21 21 20 19 19 18 17 15 13 13 13 12 11 11 11 10 9 10 10 11 11 12 12 11 12 12 11 11 9 8 8 9 9 9 8 8 9 8 7 6 5 5 4 3 3 3 4 5 6 7 9 10 9 9 9 9 10 10 10 10 9 6 6 7 7 7 8 8 9 11 12
11 10 11 12 12 12 11 11 11 12 13 14 15 16 17 19 19 19 21 21 21 21 21 22 23 23 22 20 18 16 16 16 14 12 13 13 13 12 11 10 10 11 12 12 12 12 12 13 13 12 13 13 13 12 10 10 9 9 8 9 8 9 8 7 7 6 6 6 4 3 2 3 4 6 7 8 8 8 8 8 8 9 9 9 9 8 7 6 5 4 4 5 6 7 8 9
13 12 13 13 13 12 13 15 15 14 14 15 15 17 18 20 20 21 22 22 22 21 21 22 23 22 21 20 19 17 16 15 13 12 12 12 13 14 13 10 10 11 11 11 12 12 13 13 12 12 13 13 12 12 12 12 11 10 9 8 8 7 7 6 6 6 6 6 5 3 2 3 4 6 7 7 8 8 8 7 7 8 9 9 9 7 7 6 4 4 4 5 6 7 7 7
15 15 15 16 16 17 19 18 18 17 16 15 17 19 20 20 20 22 23 22 21 20 21 22 23 23 22 20 19 18 16 16 16 16 15 17 21 24 24 17 12 12 12 12 11 11 12 13 13 12 11 11 10 11 11 11 11 10 10 9 7 6 6 6 6 6 6 6 6 5 4 3 2 2 4 6 7 8 8 7 6 7 8 9 8 6 6 6 5 4 4 3 4 4 5 6
18 18 19 19 21 22 22 21 21 20 20 19 18 19 20 20 21 22 24 24 24 24 24 23 22 22 21 20 20 20 19 19 19 17 16 15 16 17 17 15 13 12 12 12 11 11 11 12 13 12 11 11 10 10 10 10 10 9 9 8 7 7 7 6 5 5 5 5 4 5 6 4 2 2 3 5 6 6 6 5 6 7 7 6 5 5 5 5 5 5 5 4 3 2 2 3
20 19 19 21 23 23 22 21 21 21 21 21 20 21 21 21 20 21 23 24 24 23 22 21 21 22 21 20 21 21 21 21 19 17 15 14 14 13 12 11 10 9 9 9 10 11 11 11 12 11 10 10 10 10 10 10 10 10 8 7 6 6 6 6 5 5 5 5 4 3 3 3 3 2 3 4 4 4 4 4 6 7 6 5 5 5 5 5 4 4 4 3 4 3 2 1
21 21 20 20 23 24 23 20 20 20 21 22 22 22 22 22 20 20 20 20 20 20 20 20 19 20 20 19 18 18 19 19 19 18 16 14 12 11 9 8 8 8 8 8 9 10 11 11 10 10 9 8 8 9 9 9 9 8 8 7 6 6 6 5 4 5 5 6 5 4 3 2 2 3 4 3 2 2 2 2 3 3 3 3 4 3 2 3 3 3 3 3 4 3 2 1
21 21 20 19 19 20 21 20 20 20 20 20 21 21 22 21 20 20 20 19 19 19 18 17 17 18 17 17 17 18 19 19 17 16 15 14 13 13 10 9 10 9 9 9 10 11 11 10 10 9 9 8 8 8 8 8 9 8 7 7 6 6 6 6 5 4 4 5 5 4 3 2 2 2 3 2 2 1 1 1 1 1 1 1 1 0 1 2 3 2 2 1 1 2 1 1
21 20 19 18 18 19 19 19 19 19 20 21 21 21 22 21 20 20 19 17 17 17 17 17 17 17 17 18 19 21 23 23 22 18 16 17 19 20 15 10 10 9 9 9 10 11 10 9 9 9 8 7 8 8 8 8 9 8 7 6 6 7 6 5 4 4 4 5 5 3 2 2 2 1 1 1 2 1 1 1 0 0 0 1 0 -1 0 0 2 1 1 1 1 1 0 0
18 19 18 18 18 19 19 19 19 19 19 20 20 20 20 20 20 20 19 18 18 18 17 16 16 16 16 18 22 24 27 28 29 28 26 26 25 24 19 11 9 8 9 9 9 9 8 8 9 8 8 7 6 6 7 7 7 7 6 5 6 7 8 5 3 3 3 3 3 3 2 2 1 0 1 1 1 0 0 -2 -3 -3 -2 -1 -1 -1 -1 -1 -1 -1 -1 0 0 -1 -1 0
17 16 17 17 17 18 19 19 19 18 18 19 19 19 20 20 19 19 19 18 18 17 16 15 14 13 13 15 19 20 24 26 28 29 29 28 25 24 22 14 9 7 7 7 7 8 8 9 9 9 8 7 7 7 7 7 6 6 6 5 4 5 5 4 2 2 2 2 1 1 2 1 0 1 1 1 0 -1 -1 -1 0 -1 -2 -3 -2 -1 -1 -1 -1 -1 -1 -1 -1 -1 -2 -1
15 15 15 15 15 16 17 18 18 18 18 18 19 19 20 20 19 19 19 18 17 15 14 13 14 13 12 14 16 17 19 20 23 26 28 26 21 18 15 11 8 8 8 8 7 6 7 8 7 6 6 5 7 8 8 7 6 5 4 3 2 2 3 4 3 1 1 1 1 0 0 1 0 1 1 1 1 1 1 1 1 0 0 -1 -1 -1 -1 -1 -2 -1 -1 -1 -1 0 0 0
15 14 14 15 16 17 16 16 16 17 17 17 18 19 19 19 18 18 17 16 16 15 14 13 13 13 14 14 14 14 13 13 15 18 21 21 16 13 11 9 10 10 9 9 8 7 6 6 6 6 5 4 6 6 5 5 4 3 3 2 1 1 1 0 1 0 0 0 0 0 -1 -1 -2 -1 0 1 1 1 1 1 0 0 0 -1 -1 0 0 -1 -1 -1 -1 0 0 1 0 -1
15 14 13 13 14 15 15 15 15 15 16 17 18 19 19 18 18 18 18 16 16 15 14 12 11 11 11 11 12 13 14 14 14 14 14 15 13 11 9 8 7 7 8 8 7 6 5 5 5 5 3 3 3 4 3 3 2 2 2 2 1 1 0 0 0 -1 -1 0 0 0 -1 -1 0 0 1 1 1 1 1 1 1 1 1 0 0 0 1 1 0 -2 -2 -2 -1 -1 0 -1
15 14 13 13 14 14 15 14 14 15 16 17 18 18 19 18 18 18 18 17 16 15 14 12 11 11 10 10 11 12 13 13 13 12 13 13 12 11 8 7 7 7 8 8 6 5 4 5 5 5 3 2 2 2 3 2 1 1 2 2 1 1 1 1 1 0 0 -1 0 0 0 0 1 2 1 1 0 1 1 2 2 2 1 0 0 0 1 1 -1 -2 -2 -2 -2 -1 -1 -1
13 12 12 14 14 14 14 16 16 17 18 17 17 18 18 17 18 18 17 16 16 15 14 12 11 11 11 11 10 9 9 9 9 9 9 11 12 11 9 8 7 7 7 7 7 6 6 6 5 5 3 2 1 2 2 1 -1 0 1 2 2 2 2 3 3 2 2 1 1 1 0 0 1 3 2 2 1 2 2 2 2 2 2 2 1 1 1 0 -1 -1 -1 -1 -1 -1 -1 -1
13 14 14 14 14 14 16 18 19 22 23 24 22 21 20 17 17 16 15 16 16 14 13 12 13 12 12 12 11 10 10 10 9 8 7 8 9 9 7 7 7 6 5 5 5 4 3 4 4 4 4 3 3 3 3 3 3 2 1 2 3 3 3 4 3 1 1 1 2 2 1 2 3 4 4 3 3 3 3 3 3 3 3 3 2 1 1 0 -1 -1 -1 0 0 0 0 0
12 14 15 15 15 15 15 17 18 20 22 23 22 19 18 17 15 15 15 15 15 15 14 13 12 12 11 11 10 9 8 8 8 8 7 7 7 6 6 6 6 6 6 6 5 3 2 2 2 2 3 4 4 4 3 3 2 2 3 4 4 3 3 3 4 3 3 3 3 4 4 4 4 3 3 2 2 2 2 2 2 2 3 2 1 0 0 0 -1 -1 -1 0 0 0 0 -1
13 16 18 18 20 21 19 16 16 16 17 18 18 15 13 12 12 13 12 11 11 12 11 11 10 10 10 10 9 8 8 8 8 7 7 6 5 4 5 4 4 5 6 6 5 4 3 3 4 4 4 5 5 6 6 6 5 5 5 4 4 3 3 3 4 3 3 3 4 4 5 5 5 4 2 3 4 3 3 3 3 2 1 0 0 0 0 -1 -2 -2 -2 -1 0 0 -1 0
13 16 18 18 21 22 19 16 16 15 15 15 15 14 13 13 12 12 11 10 10 10 10 10 10 9 9 10 9 8 8 8 8 7 6 6 5 4 5 5 5 6 7 7 6 5 4 4 5 5 6 6 6 6 7 6 5 5 5 5 4 4 3 4 4 4 4 4 5 4 5 5 5 4 3 3 3 3 3 3 3 2 1 1 1 1 0 -1 -2 -1 -1 -1 -1 -2 -1 0
15 18 19 20 20 19 17 14 14 14 13 13 13 12 12 12 11 12 11 9 9 8 8 8 8 9 9 9 9 8 7 7 7 6 5 5 5 4 5 5 6 7 6 6 6 5 5 4 4 5 7 7 6 5 6 6 6 7 6 6 5 4 2 3 3 4 5 6 6 6 5 5 5 4 3 2 1 1 1 2 3 2 1 1 2 2 0 -2 -2 -2 -2 -3 -4 -2 -1 0
12 14 15 16 14 14 14 12 12 11 10 10 9 10 10 10 9 9 8 7 7 6 6 7 8 8 8 9 8 7 5 5 5 5 6 5 5 4 4 4 6 7 6 6 6 7 7 6 7 8 7 5 5 6 6 6 6 6 6 5 4 4 3 3 3 4 4 4 4 5 5 5 4 4 4 3 1 1 1 2 1 0 0 -1 -1 -1 0 0 -1 -1 -1 -1 -2 -2 -1 0
10 10 10 11 11 11 12 11 11 11 11 11 10 10 9 8 6 5 5 5 5 5 5 6 7 8 7 7 7 6 4 4 4 4 4 5 4 3 3 3 5 7 7 7 7 7 6 7 8 9 9 8 8 8 7 7 6 5 5 6 6 5 5 5 4 4 4 5 4 4 5 5 5 4 4 4 2 0 0 0 0 -1 -1 -1 -1 -1 0 0 -1 0 0 0 -1 -2 -2 -1
9 9 9 9 10 11 12 12 12 12 12 11 11 10 9 9 7 6 5 3 3 2 3 5 6 7 7 7 5 3 3 3 2 2 2 3 3 3 3 3 5 6 5 5 5 6 6 7 7 8 8 8 9 9 8 7 6 7 6 5 4 4 4 4 4 5 5 6 5 5 5 5 6 5 5 5 3 1 1 0 0 0 0 -1 -1 -1 -1 -1 -1 -1 -1 -1 -1 -1 -2 -1
7 7 7 7 7 8 10 10 10 10 12 12 10 9 8 7 7 6 5 4 4 3 2 3 4 4 5 5 2 1 0 0 1 1 1 1 2 2 2 3 4 5 5 5 4 5 6 6 6 6 5 4 5 5 5 5 4 3 2 2 3 3 4 3 3 4 4 4 4 4 4 4 4 3 4 3 2 2 2 0 -1 -1 -2 -3 -2 -2 -3 -2 -2 -2 -2 -1 -1 -1 -1 -1
6 6 6 7 7 8 9 9 9 9 10 10 8 7 7 6 6 6 5 4 4 4 3 3 3 3 2 3 2 1 0 0 1 0 0 1 1 2 2 3 4 5 5 5 4 5 6 5 5 4 4 4 5 4 4 4 3 2 2 3 3 4 4 3 2 2 2 3 4 4 4 4 4 3 2 1 1 1 1 0 -1 -1 -2 -3 -3 -3 -3 -3 -3 -2 -2 -1 -1 -1 -1 -1
3 4 4 6 7 6 6 7 7 7 6 5 4 5 4 4 4 4 4 5 5 4 4 4 4 2 1 0 0 -1 -2 -2 -2 -1 0 1 2 3 3 3 3 3 3 3 4 5 5 4 4 4 3 3 3 4 4 4 4 5 7 8 6 5 4 4 4 3 3 4 3 4 4 4 4 3 1 0 0 0 0 0 -1 -1 -2 -3 -3 -3 -2 -2 -2 -1 -1 0 1 1 1 2
2 2 1 3 4 5 5 6 6 5 4 3 3 3 2 2 1 1 2 3 3 3 2 2 2 2 2 -1 -2 -1 -1 -1 0 0 0 1 1 2 2 2 2 2 3 3 3 3 3 3 4 3 2 2 3 3 4 4 3 3 4 5 5 5 4 3 3 4 4 4 4 3 2 2 3 3 2 1 0 -1 -1 -1 0 1 1 0 0 0 0 0 1 2 2 2 3 4 4 4
1 1 0 2 3 3 4 5 5 5 3 2 1 1 1 1 1 1 1 2 2 1 1 2 2 1 0 -1 -2 -3 -3 -3 -3 -2 -1 0 0 0 1 2 3 4 3 3 3 3 3 2 3 3 2 1 1 1 2 2 2 2 2 2 3 3 3 1 1 3 3 4 4 3 3 2 1 1 0 -1 -2 -2 -2 -1 0 0 0 0 1 2 1 1 2 3 3 3 4 5 5 6
0 -1 -1 0 1 3 5 5 5 4 3 2 1 0 0 0 0 1 1 1 1 0 1 2 1 0 -1 -1 -2 -3 -3 -2 -1 -2 -1 -1 -1 0 1 1 1 2 3 3 2 2 1 1 2 1 0 0 -1 -2 0 0 1 2 2 3 3 3 2 1 2 2 2 3 3 3 2 2 1 1 -1 -3 -3 -3 -3 -2 -1 -1 -2 -1 0 0 1 2 3 4 4 4 5 6 7 8
0 0 1 1 1 2 3 3 3 2 2 2 2 2 1 0 0 0 -1 0 0 0 1 -1 -2 -3 -3 -3 -3 -4 -3 -2 -1 -1 -1 0 0 1 1 1 1 1 2 2 2 2 2 2 1 0 0 -1 -2 -1 0 0 1 1 1 1 2 3 2 1 1 1 1 2 2 1 0 0 0 0 0 -2 -3 -2 -2 -1 -1 -1 -1 -1 0 1 2 2 3 3 3 4 5 6 8 9
0 0 1 2 1 2 3 3 3 2 2 2 3 3 2 1 1 1 0 -1 -1 -1 0 0 -1 -2 -3 -4 -4 -4 -3 -2 -1 -1 -1 0 0 1 1 2 1 1 2 2 2 2 3 2 1 0 0 -1 -3 -3 -1 -1 0 1 0 0 1 2 1 1 2 2 2 2 1 1 1 0 -1 -1 -1 -2 -2 -2 -2 -1 -1 -1 -1 -1 -1 0 2 2 3 4 4 4 5 6 7 8
0 1 1 1 1 2 2 2 2 3 3 3 3 3 3 3 3 2 1 0 0 -1 0 1 0 -2 -3 -4 -4 -4 -3 -3 -2 -1 0 1 1 1 1 1 2 2 1 1 0 1 2 1 0 0 0 -1 -2 -2 -2 -2 -1 0 1 1 1 2 1 1 1 1 1 1 1 1 1 -1 -2 -3 -1 0 -2 -3 -3 -3 -3 -2 -1 0 0 -1 -1 1 2 4 4 4 4 5 6 7
-2 -1 -1 1 2 2 2 1 1 1 1 1 2 2 2 2 2 2 1 0 0 0 0 0 -1 -1 0 -1 -3 -3 -2 -2 -2 -1 0 0 0 1 0 0 1 1 0 0 0 1 1 0 0 -1 -2 -2 -2 -2 -2 -2 -1 0 0 0 -1 0 0 0 0 0 0 1 0 -1 -1 -1 -1 -1 -2 -2 -2 -1 -1 -1 -2 -2 -2 -1 0 0 0 1 2 3 3 4 4 5 6 7
-2 -1 0 -1 -1 0 0 0 0 -1 -1 -1 1 2 3 2 1 1 0 0 0 0 0 0 -1 -1 -1 -1 -2 -3 -3 -3 -3 -1 0 -1 -2 -1 1 1 0 -1 -2 -2 -1 0 0 0 0 -1 -2 -2 -2 -2 -2 -2 -1 -1 -2 -2 -1 -1 -1 -1 0 0 0 0 0 0 -1 -2 -1 -1 -2 -2 -2 -3 -3 -2 -1 -2 -3 -2 -1 -1 0 1 2 3 3 3 4 5 6 7
-2 -1 0 -1 -2 -2 -1 0 0 0 0 0 2 3 4 3 0 -1 -1 0 0 0 -1 -2 -1 -2 -3 -3 -2 -2 -2 -2 -2 -2 -2 -2 -2 -2 -2 -1 -1 -2 -2 -2 -2 -2 -1 0 -1 -2 -1 -1 -2 -2 -2 -2 -2 -2 -2 -1 -1 -1 -2 -2 -2 -2 -2 -1 -1 -1 -2 -3 -3 -2 -3 -3 -3 -2 -2 -2 -2 -2 -3 -2 -1 0 1 1 2 3 3 3 5 6 6 7
-1 -2 -1 -1 -2 -2 -1 -1 -1 0 -1 -1 0 2 3 2 0 -1 -1 -2 -2 -2 -2 -1 -2 -3 -2 -2 -1 -2 -2 -2 -2 -1 -1 -2 -3 -3 -2 -2 -2 -1 -1 -1 -1 -2 -2 -2 -3 -3 -2 -2 -2 -2 -1 -1 -1 -1 -2 -1 -1 -2 -4 -3 -2 -2 -2 -1 -1 -1 -2 -2 -2 -2 -3 -3 -3 -2 -2 -2 -2 -2 -2 -2 -1 0 1 2 2 4 4 4 4 6 7 8
-1 -1 -1 -1 -1 -1 -1 -1 -1 -1 -1 -1 -1 1 2 1 0 0 0 -2 -2 -2 -2 -2 -3 -3 -2 -1 -2 -2 -2 -2 -1 -1 -1 -1 -1 -2 -1 -1 -2 -2 -2 -2 -1 -2 -2 -3 -3 -2 -2 -2 -2 -2 -2 -2 -2 -2 -3 -2 -1 -2 -3 -3 -3 -3 -3 -2 -2 -2 -2 -3 -3 -2 -3 -3 -3 -2 -2 -2 -2 -2 -1 -1 0 0 2 2 2 3 3 4 5 6 7 8
-2 -2 -2 0 0 -1 -1 -1 -1 -1 -1 -2 -2 -2 -1 0 0 0 0 -2 -2 -2 -3 -2 -1 -2 -2 -3 -2 -1 -1 -1 -2 -2 -2 -2 -2 -1 -1 -2 -2 -3 -2 -2 -3 -3 -3 -3 -3 -3 -3 -3 -3 -2 -2 -2 -3 -4 -4 -4 -3 -3 -2 -2 -2 -2 -2 -2 -2 -1 -2 -3 -3 -2 -2 -3 -3 -3 -3 -3 -1 0 1 2 3 3 4 5 5 6 6 7 8 8 8 8
-2 -2 -2 -3 -2 -1 -1 -1 -1 -2 -2 -2 -1 -1 0 -1 -1 -1 -2 -3 -3 -3 -4 -3 -2 -3 -3 -3 -3 -2 -2 -2 -3 -4 -3 -3 -2 -1 0 -2 -3 -2 -2 -2 -3 -3 -3 -3 -4 -4 -4 -4 -3 -3 -3 -3 -2 -1 -1 -2 -3 -3 -3 -2 -1 -2 -2 -2 -1 -2 -3 -3 -3 -1 -1 -3 -4 -3 -3 -2 0 1 2 2 3 4 5 7 5 6 6 7 7 8 9 10
-1 -2 -3 -3 -3 -3 -2 -2 -2 -3 -2 -2 -3 -2 -1 -1 -1 -1 -3 -3 -3 -3 -3 -3 -3 -3 -3 -3 -3 -2 -3 -3 -3 -3 -2 -3 -4 -3 -3 -3 -3 -2 -2 -2 -2 -3 -3 -3 -3 -3 -4 -4 -3 -2 -1 -1 -2 -1 -2 -2 -2 -3 -2 -2 -2 -2 -2 -2 -1 -1 -2 -3 -4 -3 -1 -1 -3 -2 -2 -1 1 2 3 3 4 4 5 6 7 10 10 9 8 9 10 10
-3 -3 -4 -3 -2 -3 -2 -1 -1 -2 -2 -2 -3 -2 -2 -2 -2 -2 -3 -3 -3 -2 -2 -3 -3 -3 -3 -3 -3 -3 -3 -3 -3 -4 -4 -3 -3 -2 -2 -3 -3 -3 -3 -3 -3 -3 -3 -3 -4 -4 -4 -4 -2 -2 -2 -2 -2 -1 -1 -2 -2 -2 -1 -1 -2 -2 -2 -2 -2 -1 -2 -4 -5 -4 -2 -2 -1 -1 -1 0 1 1 2 3 4 4 5 7 9 10 10 10 10 10 10 10
-3 -3 -4 -2 -2 -3 -3 -2 -2 -2 -2 -2 -3 -2 -2 -3 -3 -3 -3 -3 -3 -2 -2 -3 -3 -3 -3 -3 -3 -3 -3 -3 -3 -4 -4 -3 -2 -2 -2 -3 -3 -3 -3 -3 -4 -3 -3 -3 -3 -4 -3 -3 -3 -3 -2 -2 -1 0 0 -1 -2 -2 -1 -1 -2 -2 -2 -3 -2 -2 -3 -4 -4 -3 -2 -1 -1 -2 -2 -1 1 2 3 4 5 4 5 8 10 10 10 11 11 11 10 10
-2 -2 -3 -3 -3 -3 -2 -2 -2 -2 -2 -1 -2 -3 -3 -3 -3 -2 -2 -3 -3 -3 -2 -3 -3 -3 -4 -4 -3 -3 -3 -3 -4 -4 -4 -3 -2 -2 -1 -2 -3 -3 -4 -4 -4 -4 -3 -3 -3 -3 -3 -3 -3 -3 -2 -2 -2 -1 -1 -2 -3 -2 -2 -1 -1 -2 -2 -2 -2 -3 -3 -2 -1 -1 -2 -1 -1 -2 -2 0 1 2 3 4 5 6 8 10 10 10 10 10 11 11 10 8
-2 -2 -2 -3 -4 -3 -1 -1 -1 -2 -2 -2 -1 -2 -2 -3 -4 -4 -4 -4 -4 -3 -2 -2 -3 -3 -3 -3 -3 -3 -4 -4 -4 -4 -4 -4 -3 -2 -1 -2 -3 -3 -3 -3 -3 -2 -2 -2 -3 -3 -4 -5 -4 -3 -2 -2 -2 -3 -3 -3 -2 -2 -2 -2 -2 -2 -2 -2 -2 -3 -2 -1 -1 -2 -3 -2 -1 -1 -1 0 1 2 3 4 5 7 8 9 9 8 8 9 10 11 11 10
-2 -1 -1 -2 -3 -2 -1 -2 -2 -2 -2 -1 -1 -2 -2 -3 -4 -5 -5 -4 -4 -4 -4 -3 -2 -2 -1 -1 -2 -3 -3 -3 -3 -4 -4 -3 -3 -3 -3 -3 -2 -2 -2 -2 -2 -2 -2 -2 -2 -3 -4 -5 -4 -3 -2 -2 -2 -2 -3 -2 -1 -1 -3 -3 -4 -3 -3 -3 -3 -2 -2 -2 -1 -1 -2 -2 -2 -1 -1 0 1 2 4 5 6 6 6 7 7 7 8 9 9 9 8 7
-2 -2 -1 -1 -2 -2 -2 -2 -2 -2 -2 -3 -3 -3 -2 -2 -3 -4 -3 -3 -3 -3 -3 -2 -3 -2 -1 -1 -2 -3 -4 -4 -3 -3 -4 -4 -4 -4 -4 -3 -3 -2 -2 -2 -1 -1 -2 -1 0 -1 -2 -2 -2 -2 -1 -1 -2 -1 -1 -1 -1 -1 -1 -2 -3 -3 -3 -2 -3 -3 -3 -2 -3 -2 -2 -3 -3 -2 -2 -2 0 2 3 4 5 6 6 7 7 8 8 8 9 9 8 7
-2 -2 -3 -3 -3 -4 -4 -3 -3 -2 -2 -2 -2 -2 -2 -2 -2 -2 -2 -3 -3 -3 -4 -4 -3 -2 -1 -2 -3 -3 -4 -4 -4 -3 -3 -4 -4 -4 -4 -4 -3 -3 -3 -3 -4 -4 -3 -2 -2 -2 -2 -2 -1 -1 -1 -1 -1 0 1 0 -1 -2 -2 -3 -3 -1 -1 0 -1 -2 -2 -3 -2 -2 -1 -1 -2 -2 -2 -2 -1 0 1 2 3 4 7 7 7 7 7 8 8 7 7 7
-1 -2 -3 -3 -3 -5 -5 -4 -4 -3 -2 -2 -2 -2 -3 -3 -2 -2 -3 -4 -4 -3 -4 -4 -3 -2 -2 -3 -3 -4 -4 -4 -3 -2 -3 -4 -4 -4 -3 -3 -3 -4 -4 -4 -4 -3 -2 -1 -1 -2 -2 -2 -1 0 -1 -1 -1 0 0 0 -1 -2 -3 -2 -2 -1 -1 0 -1 -2 -2 -2 -2 -2 -2 -2 -2 -1 -1 -1 -1 0 1 2 2 3 5 6 6 7 7 8 7 7 7 7
-2 -2 -3 -3 -3 -4 -3 -3 -3 -3 -3 -3 -3 -2 -2 -1 -1 -2 -3 -2 -2 -3 -4 -4 -3 -3 -4 -4 -4 -3 -3 -3 -4 -4 -4 -4 -3 -2 -1 -3 -4 -3 -2 -2 -2 -3 -3 -2 -1 -1 -1 -2 -2 -2 -1 -1 -1 0 -1 -2 -3 -3 -2 -2 -2 -2 -2 -2 -3 -4 -3 -4 -4 -2 -2 -2 -2 -1 -1 -1 -1 -1 0 1 1 2 3 4 5 5 5 4 4 4 5 5
-2 -2 -2 -3 -2 -3 -4 -5 -5 -5 -3 -2 -3 -3 -4 -4 -4 -4 -5 -4 -4 -3 -3 -4 -4 -4 -4 -4 -4 -4 -4 -4 -4 -3 -2 -3 -3 -3 -3 -2 -3 -4 -3 -3 -2 -3 -3 -2 -1 -1 -1 -3 -4 -3 -1 -1 -1 -2 -1 0 0 0 0 0 0 -1 -1 -2 -2 -3 -3 -3 -2 -1 0 -1 -2 -1 -1 -1 -1 0 1 1 1 0 1 3 4 4 4 3 3 4 4 3
-3 -2 -1 -2 -1 -2 -3 -3 -3 -3 -2 -2 -3 -3 -4 -4 -4 -4 -4 -4 -4 -3 -3 -3 -3 -4 -4 -4 -4 -3 -4 -4 -4 -4 -3 -2 -3 -4 -4 -4 -4 -4 -4 -4 -4 -4 -3 -3 -3 -3 -2 -2 -2 -2 -1 -1 -2 -3 -3 -2 -1 0 1 0 -1 -2 -2 -2 -2 -1 -2 -1 -1 0 -1 -1 -3 -3 -2 -1 -1 -1 -1 0 0 1 2 3 3 3 3 3 3 3 2 2
-3 -3 -2 -2 -3 -4 -4 -3 -3 -2 -3 -3 -3 -3 -4 -5 -5 -4 -4 -4 -3 -2 -2 -3 -3 -3 -3 -3 -2 -2 -4 -4 -5 -4 -3 -2 -3 -4 -3 -4 -4 -2 -1 -2 -3 -3 -2 -3 -2 -2 -3 -2 -1 -1 -2 -2 -3 -4 -3 -3 -2 -1 0 -1 -1 -2 -2 -3 -3 -2 -2 -2 -2 -2 -2 -2 -2 -2 -2 -1 0 0 -1 -1 0 1 2 2 2 2 2 3 2 2 2 2
-3 -3 -3 -4 -4 -4 -4 -4 -4 -3 -4 -3 -3 -3 -4 -4 -4 -4 -3 -3 -3 -3 -3 -2 -2 -2 -3 -4 -3 -3 -3 -3 -3 -3 -2 -2 -2 -3 -3 -3 -3 -2 -2 -2 -3 -3 -4 -3 -3 -3 -3 -2 -1 -2 -2 -2 -3 -4 -4 -3 -3 -3 -3 -2 -1 -2 -2 -3 -3 -3 -3 -3 -3 -2 -1 -1 0 1 1 1 1 1 1 0 1 1 2 3 2 2 2 1 1 1 0 0
-3 -3 -4 -5 -4 -3 -3 -3 -3 -4 -4 -3 -3 -3 -4 -4 -4 -4 -4 -3 -3 -2 -2 -2 -2 -2 -3 -3 -3 -3 -4 -4 -3 -3 -2 -2 -3 -3 -3 -3 -3 -3 -3 -3 -3 -3 -3 -3 -3 -3 -2 -2 -2 -2 -2 -2 -2 -3 -3 -2 -3 -3 -3 -3 -2 -3 -3 -3 -3 -3 -3 -4 -3 -2 -2 -1 0 0 0 0 0 0 1 0 1 1 1 2 3 1 1 0 0 1 0 -1
-2 -3 -4 -5 -4 -3 -3 -3 -3 -4 -4 -3 -2 -2 -3 -4 -4 -4 -4 -3 -3 -2 -1 -1 -2 -3 -2 -3 -3 -4 -5 -5 -6 -4 -3 -3 -3 -3 -3 -2 -2 -3 -4 -4 -4 -3 -2 -1 -2 -3 -3 -3 -3 -3 -3 -3 -3 -2 -2 -2 -3 -3 -1 -1 -2 -3 -3 -3 -3 -3 -3 -3 -3 -3 -3 -2 -2 -1 -1 -1 -1 0 0 0 1 1 2 1 1 0 -1 -2 -1 0 0 -1
-2 -3 -3 -3 -3 -3 -4 -4 -3 -2 -2 -2 -1 -2 -3 -3 -3 -3 -3 -4 -4 -3 -3 -2 -3 -2 -1 -2 -4 -4 -3 -3 -4 -4 -4 -4 -4 -4 -3 -2 -3 -4 -4 -4 -3 -2 -2 -2 -3 -2 -3 -3 -3 -3 -2 -2 -1 -1 -2 -2 -3 -4 -3 -2 -2 -2 -2 -2 -2 -2 -2 -3 -3 -2 -2 -2 -1 -2 -2 -2 -1 0 0 0 1 1 0 0 -1 -2 -2 -2 -1 0 0 -1
-4 -3 -3 -3 -3 -2 -3 -4 -4 -3 -2 -1 -2 -3 -4 -4 -4 -4 -5 -4 -4 -4 -4 -4 -3 -3 -3 -3 -4 -3 -3 -3 -3 -3 -3 -3 -3 -3 -3 -2 -3 -3 -3 -3 -3 -3 -3 -2 -2 -3 -4 -4 -4 -3 -2 -2 -1 -3 -4 -4 -4 -4 -3 -2 -3 -3 -3 -2 -3 -2 -2 -2 -2 -2 -3 -3 -2 -2 -2 -2 -2 -1 0 1 1 0 -1 -1 -1 -1 -1 -1 -1 -1 -1 -2
-4 -4 -4 -2 -2 -3 -3 -3 -3 -4 -4 -3 -3 -4 -4 -4 -4 -4 -4 -4 -4 -4 -4 -4 -4 -4 -3 -3 -4 -4 -4 -4 -3 -3 -3 -2 -3 -3 -2 -3 -4 -4 -4 -4 -3 -3 -3 -3 -2 -2 -2 -3 -3 -2 0 0 -1 -3 -4 -3 -2 -2 -2 -3 -3 -3 -3 -3 -3 -3 -3 -2 -2 -2 -2 -3 -2 -2 -2 -2 -2 -2 -3 -2 -2 -2 -2 -2 -1 -1 -1 -1 -2 -2 -2 -2
