HoopoePrediction/HoopoePrediction/bin/Debug/net5.0/Resources/sh_dem_7.asc
ncols        1447
nrows        953
xllcorner    10.169027779000
yllcorner    53.951525666950
cellsize     0.000507755510
[rows 570 to 626 of 953, columns 288 to 383 of 1447]
44 45 45 44 43 42 42 41 41 41 40 40 39 39 39 38 37 36 36 37 38 38 38 38 38 39 39 40 41 40 40 39 38 38 39 40 45 51 51 51 50 51 50 48 41 38 34 32 30 29 27 25 24 24 26 28 18 18 18 18 18 18 18 18 18 18 18 18 18 18 18 18 18 18 18 18 18 18 18 18 18 18 18 18 18 18 18 18 18 18 18 18 18 18 18 18
43 44 44 44 43 42 42 41 41 41 41 40 38 37 37 37 36 36 37 37 38 39 38 37 38 40 40 40 38 37 37 38 39 39 40 43 49 52 52 53 54 53 49 47 43 40 34 32 30 29 27 26 25 24 27 29 18 18 18 18 18 18 18 18 18 18 18 18 18 18 18 18 18 18 18 18 18 18 18 18 18 18 18 18 18 18 18 18 18 18 18 18 18 18 18 18
40 40 41 41 41 40 41 41 40 39 38 38 36 35 35 35 36 36 37 37 37 38 39 39 38 38 38 39 38 37 38 37 37 39 44 48 51 52 52 53 54 52 50 49 48 45 36 30 29 28 27 26 25 24 21 18 18 18 18 18 18 18 18 18 18 18 18 18 18 18 18 18 18 18 18 18 18 18 18 18 18 18 18 18 18 18 18 18 18 18 18 18 18 18 18 18
37 38 40 40 40 39 39 37 36 36 35 35 34 35 35 36 36 37 37 37 37 37 38 38 38 37 37 37 38 39 39 38 38 41 45 49 51 53 53 54 55 55 53 52 51 47 41 34 28 27 25 25 25 22 18 18 18 18 18 18 18 18 18 18 18 18 18 18 18 18 18 18 18 18 18 18 18 18 18 18 18 18 18 18 18 18 18 18 18 18 18 18 18 18 18 18
36 37 38 38 38 37 38 37 36 35 34 33 33 34 34 35 36 36 36 36 37 37 37 38 38 37 37 37 38 39 39 38 38 40 44 48 49 50 51 52 53 54 53 52 51 48 43 35 26 25 23 24 24 22 18 18 18 18 18 18 18 18 18 18 18 18 18 18 18 18 18 18 18 18 18 18 18 18 18 18 18 18 18 18 18 18 18 18 18 18 18 18 18 18 18 18
34 34 35 35 35 35 36 37 36 35 34 34 34 34 34 36 37 36 36 36 37 37 37 37 38 38 38 37 38 39 39 39 40 43 45 46 46 44 44 46 47 48 49 49 47 45 41 32 24 24 24 25 22 18 18 18 18 18 18 18 18 18 18 18 18 18 18 18 18 18 18 18 18 18 18 18 18 18 18 18 18 18 18 18 18 18 18 18 18 18 18 18 18 18 18 18
35 35 35 35 35 35 35 35 36 36 35 34 33 33 33 34 35 35 36 37 38 38 38 37 37 36 36 37 38 39 40 41 41 41 42 43 43 41 40 40 42 43 43 42 42 37 32 26 24 24 26 23 18 18 18 18 18 18 18 18 18 18 18 18 18 18 18 18 18 18 18 18 18 18 18 18 18 18 18 18 18 18 18 18 18 18 18 18 18 18 18 18 18 18 18 18
35 35 35 35 34 33 33 35 36 37 37 36 34 33 33 34 34 35 36 37 38 39 39 39 38 38 38 39 40 41 41 40 41 42 41 41 41 42 42 43 44 44 43 42 37 29 26 24 26 25 21 18 18 18 18 18 18 18 18 18 18 18 18 18 18 18 18 18 18 18 18 18 18 18 19 22 21 18 18 18 18 18 18 18 18 18 18 18 18 18 18 18 18 18 18 18
35 35 36 36 37 37 37 39 40 40 40 40 37 35 34 33 33 35 38 39 39 38 39 39 40 39 39 39 39 40 40 39 40 39 38 38 38 37 37 38 40 41 38 36 30 23 22 24 28 23 18 18 18 18 18 18 18 18 18 18 18 18 18 18 18 18 18 18 18 18 18 18 22 26 24 25 22 18 18 18 18 18 18 18 18 18 18 18 18 18 18 18 18 18 18 18
35 36 37 37 38 38 38 38 39 40 40 40 38 36 35 33 33 35 38 39 39 37 37 38 39 38 38 37 37 38 39 38 39 38 36 36 36 36 36 35 37 38 35 32 25 22 22 26 18 18 18 18 18 18 18 18 18 18 18 18 18 18 18 18 18 18 18 18 18 18 18 18 21 24 25 26 26 23 18 18 18 18 18 18 18 18 18 18 18 18 18 18 18 18 18 18
38 39 38 37 36 35 36 38 39 39 38 37 36 36 36 37 37 38 39 40 39 37 36 36 37 36 36 36 37 38 38 38 37 37 36 35 35 35 35 35 35 34 33 32 29 25 18 18 18 18 18 18 18 18 18 18 18 18 18 18 18 18 18 18 18 18 18 18 18 18 18 21 21 22 24 25 26 27 26 26 18 18 18 18 18 18 18 18 18 18 18 18 18 18 18 18
38 37 37 37 36 37 37 38 38 37 36 37 37 38 38 38 38 38 39 39 40 40 37 36 36 35 35 36 37 38 37 36 36 35 35 34 34 35 35 36 34 31 30 29 18 18 18 18 18 18 18 18 18 18 18 18 18 18 18 18 18 18 18 18 18 18 18 18 18 25 29 29 28 26 26 26 26 26 27 26 24 18 18 18 18 18 18 18 18 18 18 18 18 18 18 18
39 38 38 38 38 37 37 37 37 38 38 38 38 38 38 38 39 40 40 40 40 40 39 36 36 35 35 35 35 36 36 36 36 36 34 32 32 33 33 33 30 24 18 18 18 18 18 18 18 18 18 18 18 18 18 18 18 18 18 18 18 18 18 18 18 18 22 26 30 32 33 31 29 27 26 27 28 27 27 26 25 25 18 18 18 18 18 18 18 18 18 18 18 18 18 18
39 40 39 39 39 39 39 38 38 38 38 39 40 40 40 40 40 41 40 39 39 40 42 39 36 35 35 34 35 36 35 35 36 36 34 32 32 32 32 30 24 18 18 18 18 18 18 18 18 18 18 18 18 18 18 18 18 18 18 18 18 18 18 18 20 25 28 29 29 29 32 29 29 28 26 25 24 25 26 26 25 26 18 18 18 18 18 18 18 18 18 18 18 18 18 18
39 40 39 39 38 39 40 40 40 40 41 41 41 42 42 42 41 40 39 39 38 38 40 41 37 35 35 34 33 34 34 34 34 33 32 31 30 30 30 30 24 18 18 18 18 18 18 18 18 18 18 18 18 18 18 18 18 18 18 18 18 18 18 18 18 22 26 26 29 31 18 18 18 18 18 21 25 25 26 26 26 18 18 18 18 18 18 18 18 18 18 18 18 18 18 18
38 39 40 40 39 39 40 41 41 41 41 41 42 42 42 42 41 40 39 39 38 37 39 41 39 36 36 35 34 33 33 33 33 31 30 29 28 27 27 27 22 18 18 18 18 18 18 18 18 18 18 18 18 18 18 18 18 18 18 18 18 18 18 18 18 18 22 26 28 18 18 18 18 18 18 18 18 22 27 18 18 18 18 18 18 18 18 18 18 18 18 18 18 18 18 18
39 39 40 40 41 41 42 42 42 42 42 43 43 43 43 43 41 40 39 39 39 37 37 38 40 40 40 39 37 35 34 32 31 29 27 25 25 26 26 25 21 18 18 18 18 18 18 18 18 18 18 18 18 18 18 18 18 18 18 18 18 18 18 18 18 18 18 18 18 18 18 18 18 18 18 18 18 18 18 18 18 18 18 18 18 18 18 18 18 18 18 18 18 18 18 18
41 41 41 41 41 41 42 42 43 43 44 44 44 44 44 43 42 41 40 40 41 40 39 38 37 38 38 39 38 36 33 31 30 29 27 25 25 26 26 27 22 18 18 18 18 18 18 18 18 18 18 18 18 19 20 18 18 18 18 18 18 18 18 18 18 18 18 18 18 18 18 18 18 18 18 18 18 18 18 18 18 18 18 18 18 18 18 18 18 18 18 18 18 18 18 18
40 41 41 41 41 41 42 43 43 44 45 45 44 43 43 42 42 42 41 41 42 42 41 41 40 39 39 38 37 37 35 32 31 30 27 27 28 28 29 30 29 25 23 24 26 28 28 18 18 21 24 26 28 24 18 18 18 18 18 18 18 18 18 18 18 18 18 18 18 18 18 18 18 18 18 18 18 18 18 18 18 18 18 18 18 18 18 18 18 18 18 18 18 18 18 18
39 40 41 41 41 41 42 42 42 43 44 44 43 42 42 42 43 43 43 43 44 44 43 42 42 42 41 39 39 40 37 33 31 31 29 28 28 27 27 27 28 28 29 30 30 29 29 28 28 28 28 25 24 22 18 18 18 18 18 18 18 18 18 18 18 18 18 18 18 18 18 18 18 18 18 18 18 18 18 18 18 18 18 18 18 18 18 18 18 18 18 18 18 18 18 18
41 41 40 40 40 41 41 41 41 41 42 42 42 43 43 43 44 44 45 45 45 45 45 45 45 44 44 43 45 44 40 36 33 32 32 29 28 28 27 26 26 25 25 26 26 25 25 26 26 27 28 26 24 21 18 18 18 18 18 18 18 18 18 18 18 18 18 18 18 18 18 18 18 18 18 18 18 18 18 18 18 18 18 18 18 18 18 18 18 18 18 18 18 18 18 18
42 41 40 40 40 41 41 40 41 42 42 42 42 43 43 43 44 45 45 45 45 45 45 46 46 45 45 46 47 46 42 38 35 33 34 30 28 28 27 25 24 23 24 25 26 26 26 27 28 29 30 28 25 21 18 18 18 18 18 18 18 18 18 18 18 18 18 18 18 18 18 18 18 18 18 18 18 18 18 18 18 18 18 18 18 18 18 18 18 18 18 18 18 18 18 18
43 45 46 46 44 42 41 40 41 42 42 42 43 43 43 43 45 46 47 46 45 45 46 46 46 47 47 48 48 44 41 37 35 33 33 31 28 29 30 32 31 30 29 30 31 30 29 27 30 32 35 34 29 25 21 18 18 18 18 18 18 18 18 18 18 18 18 18 19 20 21 18 18 18 18 18 18 18 18 18 18 18 18 18 18 18 18 18 18 18 18 18 18 18 18 18
45 48 49 49 46 43 42 41 41 42 42 42 43 43 43 43 44 45 46 46 45 46 46 46 46 45 45 45 43 41 38 37 36 35 35 38 37 37 37 35 31 27 26 27 28 27 25 24 26 27 32 36 34 32 30 28 18 18 18 18 18 18 18 18 18 18 19 20 20 19 19 18 18 18 18 18 18 18 18 18 18 18 18 18 18 18 18 18 18 18 18 18 18 18 18 18
48 49 49 49 48 45 41 40 40 41 41 42 43 43 43 43 44 45 45 45 44 45 45 45 44 43 43 42 41 39 37 38 39 44 49 51 47 42 40 36 31 28 27 28 28 28 26 26 27 27 29 32 33 32 31 29 27 25 18 18 18 18 18 18 18 19 20 20 20 18 18 18 18 18 18 18 18 18 18 18 18 18 18 18 18 18 18 18 18 18 18 18 18 18 18 18
44 45 45 45 46 47 45 42 40 40 41 42 43 43 43 42 42 43 44 44 44 44 44 44 43 41 41 41 42 42 41 44 49 60 64 63 57 47 44 38 32 28 26 27 28 28 29 30 27 27 26 26 27 27 26 25 23 22 18 18 18 18 18 18 18 19 21 22 23 18 18 18 18 18 18 18 18 18 18 18 18 18 18 18 18 18 18 18 18 18 18 18 18 18 18 18
41 42 41 41 42 45 45 44 42 41 40 41 42 42 42 42 41 42 42 42 42 42 41 41 40 40 40 41 43 45 49 55 58 60 61 62 61 56 53 47 39 32 28 27 29 30 18 18 18 18 18 18 18 18 25 32 23 18 18 18 18 18 18 18 18 18 21 24 27 18 18 18 18 18 18 18 18 18 18 18 18 18 18 18 18 18 18 18 18 18 18 18 18 18 18 18
40 41 41 41 40 42 44 45 44 42 40 41 42 42 42 41 42 42 42 42 42 41 40 39 40 40 40 41 42 45 49 54 57 59 60 60 60 57 55 48 40 32 28 27 29 30 18 18 18 18 18 18 18 18 18 18 18 18 18 18 18 18 18 18 18 18 18 18 18 18 18 18 18 18 18 18 18 18 18 18 18 18 18 18 18 18 18 18 18 18 18 18 18 18 18 18
42 42 43 43 41 40 43 46 47 46 43 41 42 43 43 44 44 43 42 42 43 42 41 39 39 41 42 43 44 46 47 47 48 52 59 61 60 59 58 52 42 33 28 26 26 18 18 18 18 18 18 18 18 18 18 18 18 18 18 18 18 18 18 18 18 18 18 18 18 18 18 18 18 18 18 18 18 18 18 18 18 18 18 18 18 18 18 18 18 18 18 18 18 18 18 18
43 43 43 43 43 41 40 41 42 43 42 42 42 42 42 41 41 40 40 40 40 38 39 39 40 42 43 44 45 45 45 45 46 50 56 61 59 58 58 56 48 40 34 32 29 26 18 18 18 18 18 18 18 18 18 18 18 18 18 18 18 18 18 18 18 18 18 18 18 18 18 18 18 18 18 18 18 18 18 18 18 18 18 18 18 18 18 18 18 18 18 18 18 18 18 18
43 43 43 43 42 42 41 40 41 41 40 39 39 38 38 37 38 38 39 39 38 39 40 40 40 42 42 43 44 44 45 46 47 47 50 56 58 59 59 58 52 45 39 36 31 25 18 18 18 18 18 18 18 18 18 18 18 18 18 18 18 18 18 18 18 18 18 18 18 18 18 18 18 18 18 18 18 18 18 18 18 18 18 18 18 18 18 18 18 18 18 18 18 18 18 18
42 42 43 43 43 43 42 42 41 41 40 39 38 39 39 39 39 39 39 40 39 38 39 40 41 42 42 42 43 45 46 46 46 46 46 49 54 58 59 60 59 52 44 40 36 31 18 18 18 18 18 18 18 18 18 18 18 18 18 18 18 18 18 18 18 18 18 18 18 18 18 18 18 18 18 18 18 18 18 18 18 18 18 18 18 18 18 18 18 18 18 18 18 18 18 18
42 43 43 43 43 43 43 42 41 41 41 39 39 41 41 41 40 42 43 41 40 38 38 40 42 42 42 43 44 45 45 45 45 45 45 46 50 55 57 60 60 54 45 40 35 32 18 18 18 18 18 18 18 18 18 18 18 18 18 18 18 18 18 18 18 18 18 18 18 18 18 18 18 18 18 18 18 18 18 18 18 18 18 18 18 18 18 18 18 18 18 18 18 18 18 18
44 44 43 43 43 43 42 42 42 41 41 40 41 42 42 42 43 43 43 41 40 41 42 43 44 45 45 45 45 46 45 44 45 45 46 47 49 55 57 61 62 57 48 42 35 31 18 18 18 18 18 18 18 18 18 18 18 18 18 18 18 18 18 18 18 18 18 18 18 18 18 18 18 18 18 18 18 18 18 18 18 18 18 18 18 18 18 18 18 18 18 18 18 18 18 18
45 45 44 44 44 44 43 43 43 44 43 43 43 43 43 43 44 44 44 43 42 44 45 46 46 46 46 46 45 43 42 42 42 43 43 43 48 55 56 59 60 56 49 45 36 33 18 18 18 18 18 18 18 18 18 18 18 18 18 18 18 18 18 18 18 18 18 18 18 18 18 18 18 18 18 18 18 18 18 18 18 18 18 18 18 18 18 18 18 18 18 18 18 18 18 18
44 44 44 44 43 43 43 44 44 44 44 43 43 44 44 44 43 44 44 43 42 42 44 44 43 44 44 44 43 41 40 40 41 40 38 39 43 47 48 49 48 45 42 40 33 29 18 18 18 18 18 18 18 18 18 18 18 18 18 18 18 18 18 18 18 18 18 18 18 18 18 18 18 18 18 18 18 18 18 18 18 18 18 18 18 18 18 18 18 18 18 18 18 18 18 18
45 45 44 44 44 44 44 44 43 42 42 42 44 45 45 44 42 41 41 42 42 42 43 43 42 41 41 43 44 43 41 39 37 34 31 31 31 31 31 32 33 33 31 30 28 27 18 18 18 18 18 18 18 18 18 18 18 18 18 18 18 18 18 18 18 18 18 18 18 18 18 18 18 18 18 18 18 18 18 18 18 18 18 18 18 18 18 18 18 18 18 18 18 18 18 18
44 44 43 43 43 42 42 42 42 43 43 43 43 44 44 43 43 43 43 43 43 44 44 44 43 43 43 44 42 41 39 35 32 27 26 27 27 27 27 26 27 27 27 27 28 18 18 18 18 18 18 18 18 18 18 18 18 18 18 18 18 18 18 18 18 18 18 18 18 18 18 18 18 18 18 18 18 18 18 18 18 18 18 18 18 18 18 18 18 18 18 18 18 18 18 18
44 43 43 43 43 43 42 41 42 43 43 43 43 42 42 43 43 43 43 44 44 44 45 45 43 42 42 41 39 38 37 34 31 27 25 26 27 27 27 26 26 26 26 27 30 18 18 18 18 18 18 18 18 18 18 18 18 18 18 18 18 18 18 18 18 18 18 18 18 18 18 18 18 18 18 18 18 18 18 18 18 18 18 18 18 18 18 18 18 18 18 18 18 18 18 18
43 42 43 43 44 43 42 41 41 42 43 43 42 42 42 43 43 43 43 44 43 43 45 43 41 38 37 34 30 27 26 26 26 25 26 26 25 25 25 24 24 24 23 23 18 18 18 18 18 18 18 18 18 18 18 18 18 18 18 18 18 18 18 18 18 18 18 18 18 18 18 18 18 18 18 18 18 18 18 18 18 18 18 18 18 18 18 18 18 18 18 18 18 18 18 18
42 42 42 42 43 43 43 42 42 43 43 42 41 41 41 42 42 42 42 42 42 43 42 38 34 33 32 28 25 24 25 25 25 25 26 26 24 23 23 23 23 23 24 23 18 18 18 18 18 18 18 18 18 18 18 18 18 18 18 18 18 18 18 18 18 18 18 18 18 18 18 18 18 18 18 18 18 18 18 18 18 18 18 18 18 18 18 18 18 18 18 18 18 18 18 18
42 42 42 42 42 42 42 42 41 42 41 41 41 41 41 40 39 38 37 37 36 34 33 32 29 27 27 27 26 26 26 25 25 26 26 25 24 24 24 24 24 25 22 18 18 18 18 18 18 18 18 18 18 18 18 18 18 18 18 18 18 18 18 18 18 18 18 18 18 18 18 18 18 18 18 18 18 18 18 18 18 18 18 18 18 18 18 18 18 18 18 18 18 18 18 18
41 41 42 42 42 41 41 41 40 40 40 42 41 38 37 36 35 33 31 30 30 30 29 28 28 29 29 28 28 29 29 29 28 27 26 24 23 24 24 24 23 25 23 18 18 18 18 18 18 18 18 18 18 18 18 18 18 18 18 18 18 18 18 18 18 18 18 18 18 18 18 18 18 18 18 18 18 18 18 18 18 18 18 18 18 18 18 18 18 19 21 23 22 20 20 21
40 41 42 42 43 43 43 43 42 41 42 41 39 36 35 33 32 31 30 30 31 32 31 31 31 32 32 31 30 31 31 31 30 30 29 26 25 24 24 24 24 21 18 18 18 18 18 18 18 18 18 18 18 18 18 18 18 18 18 18 18 18 18 18 18 18 18 18 18 18 18 18 18 18 18 18 18 18 18 18 18 18 18 18 18 18 18 18 20 21 20 21 23 22 22 20
41 42 43 43 43 43 43 43 42 41 41 39 36 35 34 32 31 30 30 31 32 32 32 32 32 32 32 31 30 31 31 31 30 30 29 27 26 25 25 25 25 22 18 18 18 18 18 18 18 18 18 18 18 18 18 18 18 18 18 18 18 18 18 18 18 18 18 18 18 18 18 18 18 18 18 18 18 18 18 18 18 18 18 18 18 18 18 20 23 23 22 23 26 25 21 20
42 42 42 42 41 40 40 40 38 37 34 32 30 30 30 30 29 30 30 31 31 31 31 30 30 28 28 27 27 28 29 30 31 30 28 26 26 24 24 24 22 18 18 18 18 18 18 18 18 18 18 18 18 18 18 18 18 18 18 18 18 18 18 18 18 18 18 18 18 18 18 18 18 18 18 18 18 18 18 18 18 18 18 18 18 22 29 32 30 28 27 27 29 29 27 25
40 40 37 36 35 33 32 31 31 32 31 30 29 29 29 30 29 30 30 31 32 32 32 31 30 28 28 27 27 28 29 29 29 27 27 27 26 26 26 22 18 18 18 18 18 18 18 18 18 18 18 18 18 18 18 18 18 18 18 18 18 18 18 18 18 18 18 18 18 18 18 18 18 18 18 18 18 18 18 18 18 18 18 18 22 27 29 32 32 29 27 27 31 35 35 33
33 32 31 31 29 28 27 27 26 27 27 28 28 28 28 29 29 30 30 29 30 31 30 29 28 29 29 30 29 28 29 29 29 28 27 27 26 26 26 27 22 18 18 18 18 18 18 18 18 18 18 18 18 18 18 18 18 18 18 18 18 18 18 18 18 18 18 18 18 18 18 18 18 18 18 18 18 18 18 18 18 18 21 23 24 25 26 27 28 28 28 29 33 36 36 35
31 30 29 29 29 28 28 29 29 30 31 30 29 29 29 28 27 27 28 28 27 27 26 26 26 27 27 28 28 27 28 28 27 27 27 28 27 26 26 25 25 22 18 18 18 18 18 18 18 18 18 18 18 18 18 18 18 18 18 18 18 18 18 18 18 18 18 18 18 18 18 18 18 18 18 18 18 18 18 18 18 24 26 26 26 27 29 30 31 31 31 32 32 33 35 37
31 30 30 30 30 29 30 30 30 31 32 31 31 31 31 32 31 31 32 32 31 30 28 26 27 28 28 28 27 27 27 27 26 25 25 26 26 24 24 24 23 22 22 22 18 18 18 18 18 18 18 18 18 18 18 18 18 18 18 18 18 18 18 18 18 18 18 18 18 18 18 18 18 18 18 18 18 18 18 20 21 23 24 26 26 25 27 30 32 33 33 31 28 28 30 33
32 31 31 31 31 30 30 30 30 31 32 32 33 33 33 33 33 33 33 33 32 31 30 28 28 29 29 28 27 26 25 26 25 25 24 25 26 25 25 25 24 22 21 22 22 18 18 18 18 18 18 18 18 18 18 18 18 18 18 18 18 18 18 18 18 18 18 18 18 18 18 18 18 18 18 18 18 19 20 20 20 22 23 24 24 24 26 29 31 32 33 30 26 26 29 32
32 32 32 32 31 31 31 33 34 35 35 36 36 36 36 36 36 36 36 35 35 35 35 34 34 32 31 29 27 25 24 23 23 24 25 25 25 25 25 25 24 23 23 23 23 18 18 18 18 18 18 18 18 18 18 18 18 18 18 18 18 18 18 18 18 18 18 18 18 18 18 18 18 20 22 22 23 23 22 20 22 23 22 24 25 27 27 28 30 31 30 28 26 27 27 27
33 33 34 34 34 34 35 37 38 39 38 36 34 34 34 36 37 38 37 36 36 36 36 35 32 30 30 28 26 25 25 25 24 24 25 26 27 26 26 25 25 26 24 23 22 21 22 22 21 20 18 18 18 18 18 18 18 18 18 18 18 18 18 18 18 18 18 19 22 23 22 21 23 26 27 26 25 26 25 22 23 23 23 24 25 26 26 26 26 27 27 27 26 24 22 22
36 37 38 38 38 39 39 39 39 38 37 35 32 33 34 36 37 37 37 36 36 34 30 28 27 27 27 27 26 26 25 24 24 24 26 28 29 29 28 27 26 27 28 27 25 23 22 21 21 21 20 22 26 29 30 30 26 23 23 21 21 22 25 29 31 29 26 25 23 23 23 23 23 24 26 27 27 26 25 24 24 24 26 24 23 22 22 23 23 24 25 25 25 23 23 25
37 40 41 41 39 38 38 38 38 37 36 34 32 34 35 36 37 36 36 34 33 31 28 26 27 27 27 27 27 26 25 24 25 25 26 28 30 31 31 30 28 27 27 27 27 25 24 23 23 23 22 22 26 29 31 30 28 27 26 25 27 27 28 28 26 23 21 20 20 22 25 26 26 28 30 31 29 27 26 24 25 25 24 24 23 22 22 22 22 23 23 23 24 27 31 31
37 40 41 40 39 38 39 38 37 36 35 33 32 34 35 36 37 36 35 34 33 30 28 27 27 27 27 27 28 27 25 24 25 25 26 28 28 29 29 30 29 28 27 26 26 26 25 24 23 23 23 23 25 29 30 30 28 26 25 26 28 28 27 25 23 22 21 19 20 22 26 27 28 31 33 33 31 28 27 25 25 25 24 26 26 24 23 23 23 23 23 23 25 29 32 32
37 39 40 40 39 38 38 37 35 34 33 32 32 34 35 36 35 33 31 30 30 30 31 30 28 26 26 27 28 26 25 26 27 29 29 30 29 28 28 28 28 28 27 26 26 26 26 24 22 22 22 23 22 22 24 25 24 23 23 24 26 26 25 24 25 26 24 22 21 23 27 30 32 35 36 34 32 29 27 27 29 28 26 27 28 29 28 26 25 24 23 24 25 26 28 30
