HoopoePrediction/HoopoePrediction/Resources/sh_dem_8.asc
ncols        1026
nrows        916
xllcorner    10.758472224000
yllcorner    54.058194445000
dx           0.000540394196
dy           0.000520681709
NODATA_value  -9
[rows 590 to 648 of 916, columns 0 to 95 of 1026]
-9 -9 -9 115 116 117 117 118 119 119 118 119 119 119 118 119 120 121 122 122 122 121 121 116 109 107 107 108 109 111 113 115 115 114 114 117 118 118 117 113 108 106 105 107 108 107 102 100 101 102 102 101 102 103 104 105 105 104 105 108 109 110 109 106 106 106 106 107 107 106 108 107 107 107 107 108 113 119 122 123 121 118 116 113 111 109 104 99 97 96 96 95 96 97 97 97
-9 -9 -9 117 116 115 114 114 115 116 115 115 115 116 117 118 120 123 124 125 125 123 120 117 113 110 112 115 116 115 114 114 112 111 111 112 112 112 111 109 106 105 106 109 112 112 106 102 101 102 103 102 101 102 103 103 103 103 104 105 108 109 109 106 106 107 108 109 109 108 109 108 107 106 106 108 114 121 124 124 122 118 115 112 110 109 107 104 102 100 97 95 95 96 97 97
-9 -9 -9 114 113 113 113 114 115 114 113 113 114 115 116 116 118 121 123 124 124 121 118 114 112 112 115 115 114 113 111 111 112 111 111 110 109 109 108 107 108 111 113 115 116 113 107 100 98 98 99 100 100 101 102 103 103 103 104 105 106 107 108 108 109 108 109 110 112 111 109 107 107 110 112 118 124 127 129 128 124 117 112 111 111 112 111 109 107 104 100 95 94 95 96 96
-9 -9 -9 112 112 112 112 111 112 112 112 113 114 114 114 113 113 114 114 115 116 116 115 114 112 112 114 114 112 111 109 108 107 109 110 108 106 106 106 109 113 117 118 118 119 118 114 107 101 98 97 97 96 97 100 102 103 103 103 103 103 107 110 111 111 110 108 108 109 110 109 109 108 109 112 120 127 130 131 129 123 117 113 112 111 109 108 107 105 102 98 95 94 95 96 96
-9 -9 -9 113 114 114 113 114 114 115 116 116 116 114 112 111 111 110 109 108 108 108 110 111 111 111 111 111 108 106 105 106 106 107 108 109 108 108 111 116 120 121 121 119 118 117 117 114 109 102 99 98 97 97 99 101 103 103 102 102 102 106 111 115 115 112 109 108 107 107 106 106 105 104 106 113 123 128 129 125 121 117 113 111 109 107 103 100 98 96 95 94 95 96 96 96
-9 -9 -9 112 115 116 118 119 119 120 119 116 113 111 110 109 108 108 108 107 105 106 108 109 109 111 112 111 109 106 106 105 106 108 108 108 109 111 114 117 119 120 120 121 120 117 116 116 115 110 102 98 97 98 99 100 102 103 105 108 108 109 112 117 119 114 110 108 108 108 106 105 104 104 104 109 118 124 125 123 119 116 113 110 109 109 105 99 96 95 95 95 95 96 96 95
-9 -9 -9 111 114 117 119 120 121 120 119 115 112 110 109 108 107 106 106 106 105 105 106 107 109 110 111 112 110 107 107 107 106 107 107 107 109 111 116 119 120 120 120 121 121 118 115 114 115 112 104 98 97 98 99 100 101 101 103 106 107 109 112 117 120 117 110 107 107 107 106 105 104 103 103 107 114 119 121 120 118 117 115 113 111 111 106 99 96 96 95 95 96 95 95 94
-9 -9 -9 109 111 113 116 118 118 116 114 112 109 108 107 106 105 104 104 105 105 106 107 108 108 109 109 111 113 109 104 105 107 107 106 108 112 114 117 119 119 118 117 117 117 115 113 113 115 114 108 101 98 99 99 99 100 101 102 105 106 107 111 115 115 113 108 105 105 105 105 104 102 102 103 105 109 111 111 111 113 115 115 113 110 106 101 99 98 98 97 95 94 94 94 92
-9 -9 -9 111 112 113 114 115 115 113 110 109 108 107 105 104 105 104 105 106 107 108 108 107 106 107 109 111 113 113 105 102 103 107 108 109 113 115 119 119 116 114 113 113 113 114 114 115 116 115 111 104 99 99 102 105 107 108 108 108 108 106 105 106 106 103 101 100 100 101 101 103 104 104 104 105 106 106 105 106 109 111 108 104 102 99 97 97 98 98 97 95 94 94 94 92
-9 -9 -9 116 116 116 114 113 112 110 107 106 105 104 104 104 104 104 105 106 106 107 108 106 105 105 106 108 110 112 112 113 117 120 118 119 120 120 119 117 114 112 111 110 112 115 116 115 113 111 108 102 98 100 103 107 109 111 112 112 109 107 105 103 102 101 100 100 99 98 101 106 107 105 104 103 103 103 102 101 103 104 100 97 95 94 95 95 96 97 97 96 96 96 95 94
-9 -9 -9 117 117 116 116 115 113 111 108 106 105 104 105 105 105 105 105 105 105 105 105 105 105 104 104 106 108 108 110 116 121 123 123 123 123 122 120 119 118 114 111 109 111 114 115 114 111 110 108 104 100 99 100 103 105 108 108 107 107 107 105 104 103 103 101 100 99 99 102 104 106 104 103 102 101 100 98 97 97 97 95 94 93 93 93 93 94 95 96 97 98 98 95 94
-9 -9 -9 114 116 117 118 117 115 112 110 108 106 105 105 105 105 106 105 104 104 104 104 104 104 105 105 106 107 107 109 116 120 122 124 125 124 123 120 117 114 111 110 109 111 114 115 115 114 113 114 112 110 109 111 113 115 113 105 103 104 103 103 104 105 103 101 100 100 100 100 100 101 102 102 101 100 100 99 98 97 97 96 95 94 93 93 92 92 92 94 96 98 98 96 95
-9 -9 -9 116 117 118 119 118 116 114 111 109 108 107 106 106 106 105 105 105 104 104 104 104 103 103 104 105 106 106 109 113 117 120 122 121 119 118 116 116 113 110 110 113 114 114 114 115 116 118 119 119 116 114 114 115 114 112 109 105 103 102 102 103 104 103 102 100 100 100 100 100 100 100 100 100 101 102 102 100 99 98 99 97 95 94 94 94 93 92 93 94 95 95 96 97
-9 -9 -9 115 117 118 119 118 117 115 112 110 109 109 108 107 105 103 102 103 103 104 103 103 103 103 104 105 106 106 108 111 114 119 121 119 116 116 116 117 116 113 111 113 114 115 116 117 116 115 116 117 117 116 115 114 113 111 109 107 106 107 109 109 110 112 108 104 101 100 99 100 101 99 98 97 99 102 103 102 102 103 102 101 99 96 95 94 92 91 91 92 92 93 95 96
-9 -9 -9 113 115 117 118 117 117 115 113 111 110 109 108 107 105 104 103 102 102 102 103 103 103 104 104 105 108 108 109 109 112 118 119 117 116 116 117 118 116 113 112 113 114 115 115 114 113 113 115 116 117 117 116 114 113 112 109 107 107 110 112 112 114 114 113 110 107 103 101 101 100 100 100 99 101 103 104 104 104 104 103 100 97 96 95 93 91 91 91 91 92 93 94 95
-9 -9 -9 111 113 115 116 117 116 114 113 113 113 113 113 111 110 110 108 107 105 104 104 103 103 103 105 107 109 110 110 110 109 111 110 112 115 116 118 116 111 107 107 110 111 112 110 107 106 110 113 116 117 116 115 115 114 110 108 107 108 112 115 116 117 118 117 115 115 111 108 104 100 100 101 103 105 108 109 108 108 106 103 99 97 96 94 91 90 90 91 90 91 92 92 93
-9 -9 -9 112 113 115 118 119 117 115 114 114 115 116 116 115 115 113 111 110 109 109 108 106 103 103 104 107 108 108 107 107 106 104 105 109 113 113 112 108 104 102 103 105 105 103 102 101 103 107 110 112 113 114 115 116 116 113 111 111 111 113 116 118 119 119 118 117 117 115 111 107 105 106 106 107 108 109 109 109 107 105 102 98 95 92 91 90 90 91 91 91 92 92 91 90
-9 -9 -9 113 111 112 114 116 115 113 111 110 111 112 113 113 114 114 113 112 110 109 109 108 105 103 105 106 105 104 103 104 103 101 102 105 108 107 104 101 99 98 99 100 101 100 100 100 101 103 105 108 111 113 114 115 115 115 115 115 116 118 119 121 121 120 119 119 118 117 115 111 110 110 110 110 110 109 107 105 102 100 97 95 93 91 90 90 90 91 92 93 92 91 90 89
-9 -9 -9 116 111 109 108 109 109 107 106 106 106 107 109 110 110 110 109 107 106 105 105 105 104 104 105 105 104 103 102 102 102 106 110 110 107 106 103 101 99 98 98 98 99 99 99 100 101 101 102 104 107 111 114 117 118 119 118 118 119 120 120 120 119 119 119 119 119 119 118 115 113 112 112 111 110 109 106 102 99 96 93 92 92 92 91 91 89 87 89 90 91 90 88 87
-9 -9 -9 108 108 108 109 109 109 108 107 106 105 105 106 107 106 105 105 105 104 103 104 105 106 107 107 105 105 105 103 101 102 110 115 116 116 116 114 109 103 100 100 102 104 105 106 108 109 110 107 104 104 107 111 114 116 119 119 119 119 120 120 119 119 119 118 118 119 122 124 122 118 115 115 115 116 116 115 108 100 95 93 92 93 92 91 90 90 89 89 90 89 88 86 87
-9 -9 -9 108 111 113 114 113 112 110 109 107 106 106 108 109 109 109 108 107 106 106 105 106 107 107 106 104 104 104 102 101 101 107 112 115 115 115 114 114 111 110 112 113 114 116 118 119 122 125 124 116 109 107 108 111 113 116 118 121 120 118 117 116 117 119 119 119 122 126 129 128 124 123 123 124 126 126 122 113 105 99 96 94 93 92 91 90 90 90 90 91 91 90 88 88
-9 -9 -9 111 113 115 114 112 110 109 109 109 108 108 109 108 109 109 109 108 108 107 106 105 104 103 103 103 103 103 102 101 102 106 110 113 114 114 115 116 117 121 124 123 122 122 125 129 133 136 135 130 123 116 110 108 109 111 114 117 118 118 117 115 117 122 124 125 127 128 129 128 128 128 128 127 127 127 123 116 110 106 104 103 101 98 95 93 92 91 91 92 92 92 90 90
-9 -9 -9 114 116 117 116 114 111 109 109 109 109 109 109 109 108 108 108 108 108 108 107 105 104 103 102 103 103 103 102 102 104 107 110 112 115 116 117 118 120 124 127 128 127 127 129 132 133 134 135 133 128 122 114 109 108 111 114 116 117 118 117 117 119 124 126 126 129 129 129 128 127 127 127 126 126 126 125 122 116 110 107 105 104 101 97 94 92 91 91 92 92 92 92 90
-9 -9 -9 122 124 121 116 112 110 110 109 108 109 110 109 109 109 109 109 109 108 106 105 104 103 103 103 104 104 104 102 102 107 112 113 113 115 116 118 119 122 126 130 132 132 132 132 131 130 130 130 129 127 124 117 111 109 112 115 116 117 118 118 118 120 124 125 126 129 130 128 125 126 128 128 127 127 127 126 127 126 122 118 112 108 106 102 98 96 95 97 98 98 98 98 92
-9 -9 -9 120 120 117 114 112 111 111 110 109 110 110 109 109 108 109 109 108 108 106 105 104 103 103 104 105 105 104 102 102 104 109 112 114 114 114 114 115 122 128 132 133 134 133 132 129 128 129 127 125 124 122 116 110 109 111 114 118 119 119 120 121 124 127 128 127 128 128 128 126 126 126 126 126 126 127 127 127 126 124 123 121 117 113 110 108 105 104 104 104 101 100 98 95
-9 -9 -9 116 116 115 114 114 112 111 110 110 109 109 110 109 108 107 106 105 105 106 105 106 108 108 107 107 105 103 101 100 101 102 105 109 114 114 115 116 121 127 132 134 135 135 133 130 129 130 130 127 125 124 119 114 111 114 118 122 124 127 129 129 129 129 130 128 128 127 126 126 125 124 124 125 126 126 126 127 126 123 122 123 122 120 118 117 115 111 107 103 100 98 97 96
-9 -9 -9 115 114 115 114 114 113 112 111 110 110 110 109 109 109 108 108 107 105 106 107 109 110 110 110 108 107 107 107 104 102 101 100 102 110 112 114 114 117 123 129 133 135 135 134 131 130 131 129 126 124 121 118 115 113 114 118 122 125 127 127 129 130 130 130 130 128 125 123 122 122 123 123 125 126 125 124 125 126 124 122 121 121 122 122 121 119 117 113 106 100 98 99 100
-9 -9 -9 115 114 115 115 116 116 114 111 109 108 107 107 106 106 107 107 106 106 106 107 108 110 110 108 107 107 107 108 106 104 104 102 101 103 104 106 107 111 117 124 129 131 132 132 132 132 133 130 126 123 119 115 113 113 113 114 117 122 124 126 128 129 129 129 128 126 125 123 122 121 122 123 124 125 126 126 124 123 122 122 122 123 123 124 124 122 120 117 111 105 103 102 101
-9 -9 -9 115 116 118 119 119 118 115 112 110 107 106 105 104 103 103 103 104 105 105 105 105 108 110 110 108 107 105 105 105 105 105 104 102 101 101 101 102 105 111 117 122 126 128 130 132 135 136 132 124 118 114 113 114 115 116 115 114 115 116 119 123 124 126 126 127 125 124 124 123 120 121 121 123 125 126 127 125 123 121 120 121 122 122 121 120 118 117 115 111 107 105 102 100
-9 -9 -9 117 118 119 120 119 118 116 114 112 111 111 110 108 107 106 105 104 104 103 103 104 108 111 111 108 108 107 107 105 104 103 102 100 99 99 100 102 107 114 121 125 127 130 133 136 137 135 129 119 114 113 112 114 115 115 114 112 112 111 113 118 122 124 125 124 124 124 123 121 118 118 119 121 122 123 123 123 122 120 119 118 117 117 117 117 114 112 110 107 105 104 103 102
-9 -9 -9 118 119 119 119 119 118 116 115 114 113 113 113 113 111 109 107 106 103 102 102 103 105 109 109 107 107 106 107 107 105 104 102 100 100 100 101 104 110 116 121 126 129 131 133 134 134 132 127 118 113 113 113 113 112 112 112 111 110 110 112 117 122 125 124 123 123 124 123 121 118 117 118 121 122 123 122 123 121 120 120 118 116 114 115 114 112 111 108 104 102 102 102 101
-9 -9 -9 117 118 117 117 118 117 116 115 114 114 115 116 116 115 113 112 111 108 104 102 101 103 104 104 104 104 104 104 105 104 101 100 102 103 103 104 106 108 111 115 123 130 132 131 130 129 129 126 119 114 112 111 111 110 109 108 108 107 107 109 117 123 123 122 121 122 123 122 120 118 120 121 124 125 125 123 122 120 119 119 118 117 115 112 108 105 104 103 102 101 100 99 100
-9 -9 -9 116 117 116 117 118 119 117 116 115 115 116 117 117 115 113 112 111 110 110 108 107 107 105 104 103 103 103 102 102 102 103 106 107 107 107 107 107 106 109 113 118 122 124 125 126 125 124 121 119 116 112 110 109 109 110 110 110 109 112 115 118 120 119 118 118 121 121 120 119 117 117 118 121 123 126 126 123 120 117 114 112 110 109 108 104 100 99 99 98 97 97 96 96
-9 -9 -9 115 115 115 116 117 117 118 118 117 118 118 119 120 119 117 114 113 112 114 116 114 112 107 105 102 101 103 104 104 103 103 106 107 107 107 107 108 107 107 109 111 113 117 121 122 120 115 111 109 109 107 104 103 104 107 108 109 109 108 107 108 112 112 113 115 118 119 117 116 114 116 116 118 121 122 122 118 113 110 108 105 102 101 100 99 98 98 99 99 97 96 94 93
-9 -9 -9 116 117 116 115 115 115 115 117 118 118 117 117 117 117 116 115 114 115 117 117 115 112 110 108 105 102 103 107 108 106 105 106 107 107 107 107 107 107 107 106 105 106 109 111 112 110 107 105 103 100 100 102 106 108 109 109 107 107 105 104 105 105 104 106 110 113 115 115 113 113 116 116 117 117 115 114 111 107 103 101 100 99 97 95 97 98 98 97 97 96 95 94 93
-9 -9 -9 117 116 116 115 115 115 115 116 117 118 118 117 116 115 115 114 113 112 112 112 111 110 109 106 104 104 106 108 108 108 107 107 107 106 106 106 105 105 104 102 100 100 102 103 103 101 100 100 101 100 99 100 103 104 106 107 106 105 105 106 107 106 105 106 109 112 112 111 108 107 107 107 106 107 108 106 103 101 100 99 98 98 96 95 97 99 99 98 97 96 95 95 97
-9 -9 -9 114 114 114 114 114 113 114 115 116 116 115 114 114 113 112 111 110 109 110 111 110 108 106 104 103 105 107 107 107 107 108 108 108 107 106 104 102 101 100 98 97 97 96 97 97 97 96 98 99 100 99 98 98 99 102 105 108 109 108 106 104 104 106 108 111 111 110 109 107 105 104 104 103 101 98 96 97 99 99 98 98 98 97 96 98 100 100 99 97 96 95 96 97
-9 -9 -9 113 114 115 115 113 112 113 114 113 112 112 111 110 109 109 108 107 107 108 111 111 110 109 105 103 105 106 105 105 106 107 107 106 107 107 106 104 101 99 97 96 96 96 96 96 96 96 97 100 103 104 105 106 105 104 108 112 113 112 110 107 105 105 106 108 107 105 106 106 104 101 100 99 98 97 95 98 100 101 100 100 100 99 98 98 99 98 97 97 98 97 97 96
-9 -9 -9 113 114 114 115 114 113 112 112 112 111 111 110 109 108 108 107 106 106 108 111 113 112 109 106 104 105 105 104 104 105 106 106 106 107 107 107 105 103 100 98 97 97 97 97 96 96 97 99 102 106 109 112 112 110 108 111 114 114 114 113 110 107 105 104 103 103 102 103 105 103 101 100 98 98 97 97 100 101 101 100 99 100 98 97 96 97 97 96 98 99 98 97 95
-9 -9 -9 114 114 115 114 113 111 110 109 109 108 107 106 106 107 106 105 104 105 107 110 113 113 110 106 104 103 103 103 103 104 105 106 109 111 111 111 108 104 100 98 97 97 98 98 99 98 100 103 109 117 121 121 119 117 115 114 114 117 117 117 117 113 111 108 103 99 99 100 102 102 100 99 98 98 98 99 100 99 97 96 96 97 96 95 94 95 96 98 99 99 98 96 96
-9 -9 -9 113 113 114 112 110 109 109 109 107 106 105 105 104 105 106 105 105 106 106 106 109 111 110 107 104 102 102 103 103 104 106 109 111 112 112 112 110 105 101 100 99 100 101 103 104 105 108 114 120 123 123 121 119 119 118 117 116 118 119 119 120 119 117 112 106 103 99 98 97 97 98 98 98 99 99 100 98 96 95 95 96 96 96 97 96 95 96 97 97 96 97 96 95
-9 -9 -9 112 112 112 110 108 107 107 107 106 105 104 104 104 104 104 104 105 106 105 105 105 107 109 109 106 103 102 104 105 106 108 110 111 112 112 112 111 107 104 104 105 106 107 106 107 110 114 117 120 121 121 119 118 117 117 116 115 116 118 117 116 115 112 110 107 103 101 101 98 95 96 97 99 100 98 97 96 96 96 95 94 93 92 93 93 96 99 100 100 99 98 97 93
-9 -9 -9 109 110 108 106 105 106 106 106 105 104 105 105 106 106 106 106 106 105 105 106 106 107 108 108 109 109 109 109 111 110 109 110 111 112 112 112 111 109 108 107 108 109 109 108 108 110 112 114 116 118 119 118 118 119 118 116 115 114 113 111 112 114 113 110 108 106 106 105 101 100 99 99 99 100 98 96 95 95 96 95 92 90 89 90 91 93 95 96 97 98 98 97 95
-9 -9 -9 105 104 105 104 105 106 107 107 106 105 107 110 113 115 113 112 111 110 108 108 109 109 111 112 112 112 115 117 116 113 111 109 108 108 108 107 105 104 104 106 108 109 109 109 110 113 115 117 118 118 118 118 118 117 116 115 115 116 115 113 112 111 110 106 102 101 101 101 101 100 98 97 96 94 93 92 93 94 95 93 92 91 91 90 90 91 93 94 95 96 96 96 96
-9 -9 -9 107 107 106 105 107 109 110 108 107 107 111 115 117 118 119 119 118 118 117 114 114 113 113 114 114 113 115 118 117 114 112 109 108 107 107 107 106 105 104 105 106 107 108 113 117 118 117 118 118 117 117 117 117 116 115 113 113 113 111 107 107 108 110 108 104 100 98 97 97 97 96 96 96 96 95 94 94 95 93 92 91 91 90 89 89 90 91 92 93 94 95 95 97
-9 -9 -9 111 110 108 107 107 108 108 106 105 106 111 115 117 118 119 119 119 118 118 118 118 119 117 116 115 116 118 119 119 118 117 114 112 110 109 108 108 109 110 109 108 107 111 116 119 120 119 118 118 117 115 114 113 114 115 114 113 114 111 105 102 102 106 107 104 99 99 98 97 96 98 102 106 105 101 99 98 96 94 92 91 92 92 90 89 89 91 91 89 88 88 89 92
-9 -9 -9 112 111 110 109 109 108 108 107 106 107 111 115 117 118 119 119 119 118 118 118 119 119 119 118 118 118 119 121 121 119 117 116 115 111 110 108 109 110 111 110 109 111 116 121 123 121 119 118 117 116 115 114 113 113 114 115 113 113 110 106 102 102 105 106 103 100 99 98 99 99 103 106 111 110 107 103 100 98 96 94 93 93 92 90 89 88 89 89 87 86 86 88 90
-9 -9 -9 114 112 110 109 109 108 106 105 108 111 114 115 116 117 118 119 119 119 119 119 118 119 119 120 121 120 120 120 120 120 118 117 116 115 115 114 113 114 114 114 116 120 123 124 124 122 119 117 117 116 114 113 112 113 114 116 115 113 110 107 105 105 105 104 102 100 100 101 102 103 109 111 113 113 112 109 104 100 99 98 96 94 93 92 90 89 88 87 87 87 87 88 91
-9 -9 -9 115 115 113 111 110 107 105 104 107 111 112 113 114 115 116 116 117 118 119 119 119 119 119 120 121 120 120 120 120 120 119 117 117 115 115 114 115 116 117 117 116 117 119 122 124 122 120 119 118 117 115 114 115 116 116 116 115 113 111 107 104 102 101 98 97 100 102 105 109 111 113 113 113 110 109 109 105 101 100 99 97 95 94 93 92 91 90 88 87 88 87 88 89
-9 -9 -9 114 115 114 110 105 103 102 102 104 108 110 111 112 113 114 115 116 117 118 119 119 118 118 119 119 118 118 119 119 120 119 117 116 116 116 116 117 117 117 116 115 115 117 120 122 123 123 121 119 117 115 114 115 116 116 114 113 112 110 107 102 99 98 99 99 98 100 103 108 112 116 117 116 111 108 107 106 104 102 101 100 99 99 97 94 93 91 88 87 87 88 88 89
-9 -9 -9 114 113 111 108 106 103 102 101 101 103 106 108 107 108 110 112 113 116 118 118 118 118 118 118 117 115 115 117 118 118 117 116 116 116 116 116 116 117 116 116 115 114 115 117 119 121 122 123 121 118 115 114 113 114 113 112 113 110 106 105 102 100 102 102 100 98 98 100 104 106 109 111 113 111 107 105 104 105 104 103 102 103 102 99 95 91 89 87 85 84 85 86 86
-9 -9 -9 113 109 106 105 104 103 102 102 101 100 102 104 105 105 105 106 107 111 115 117 118 116 115 116 116 115 115 115 116 116 115 115 115 116 116 117 118 118 117 116 115 115 114 114 114 116 119 121 121 118 116 115 114 113 110 107 104 102 101 101 99 99 101 102 99 96 97 99 101 102 104 105 106 107 105 104 103 105 106 106 104 102 101 99 97 93 90 88 85 84 84 83 84
-9 -9 -9 111 107 104 102 101 99 98 97 97 97 99 101 102 102 103 104 106 111 113 117 118 116 115 118 123 126 127 127 128 125 117 115 114 115 115 116 117 118 117 117 116 116 114 113 112 112 114 115 116 115 115 114 112 110 104 102 102 102 103 102 98 95 97 101 102 100 100 99 100 101 102 102 103 103 102 101 100 102 104 105 105 105 103 101 96 92 90 89 87 85 84 85 85
-9 -9 -9 107 105 103 100 97 94 93 94 94 95 96 96 97 98 99 102 105 116 122 124 126 127 127 132 133 131 129 128 129 127 119 113 113 114 114 115 116 116 115 115 115 115 114 113 111 111 113 114 115 114 112 108 105 103 101 100 101 100 101 101 97 93 95 98 99 98 98 99 101 99 98 99 101 102 100 97 95 96 99 102 105 106 106 103 99 96 93 91 89 87 86 86 86
-9 -9 -9 105 103 100 97 94 93 93 94 95 95 95 95 95 96 98 101 103 112 120 123 125 129 131 134 135 133 131 130 131 128 120 112 112 113 113 114 115 116 115 114 114 114 115 113 112 112 115 117 116 115 112 107 103 102 100 99 99 98 96 96 93 91 93 95 95 94 96 99 101 99 98 98 99 98 96 93 92 94 96 100 103 106 106 103 100 96 92 91 89 87 86 85 86
-9 -9 -9 101 99 97 96 95 95 94 94 96 97 97 96 95 96 98 99 100 107 118 124 125 129 132 133 134 134 132 131 130 127 123 115 112 113 113 113 114 115 114 113 113 116 118 119 121 121 120 119 118 117 112 106 101 99 97 95 93 93 92 92 91 91 94 97 95 94 96 100 101 100 98 98 98 96 94 93 92 92 94 96 98 102 104 104 102 99 95 92 89 87 86 85 85
-9 -9 -9 100 98 97 96 96 95 95 96 96 97 97 97 96 97 98 100 102 112 122 123 124 124 125 127 129 132 132 132 131 129 126 118 112 112 112 112 113 114 116 120 123 124 125 125 123 121 119 117 115 114 112 108 105 103 100 95 91 87 86 86 89 93 98 97 95 95 97 98 98 95 93 93 93 93 94 94 92 91 90 90 92 96 100 103 104 102 98 94 90 87 85 84 84
-9 -9 -9 100 101 100 100 98 97 97 96 96 95 95 95 95 96 97 100 102 109 114 116 115 117 119 120 120 124 128 128 126 124 120 113 110 109 109 112 116 120 122 124 125 126 127 126 122 119 117 116 116 114 113 111 109 108 108 104 94 88 87 85 88 93 97 96 94 92 93 93 92 89 88 87 86 84 83 86 91 94 96 95 95 99 102 103 104 103 100 98 94 89 87 85 84
-9 -9 -9 101 103 102 99 98 97 97 96 95 94 94 96 97 97 96 95 96 99 104 108 111 114 116 117 116 116 119 121 119 114 112 110 110 109 109 112 118 121 122 122 122 124 125 125 123 120 116 113 112 110 108 109 109 108 108 106 100 92 89 88 87 91 94 93 90 87 86 86 87 85 83 82 81 80 81 84 89 93 95 95 98 102 103 103 103 103 102 101 100 98 96 89 85
