HoopoePrediction/HoopoePrediction/Resources/sh_dem_8.asc
ncols        1026
nrows        916
xllcorner    10.758472224000
yllcorner    54.058194445000
dx           0.000540394196
dy           0.000520681709
NODATA_value  -9
[rows 826 to 884 of 916, columns 96 to 191 of 1026]
0 0 1 1 2 4 7 8 10 12 13 13 14 16 17 17 19 20 21 22 25 26 26 26 25 25 26 25 24 23 22 23 24 24 24 24 24 24 22 22 22 21 19 19 17 16 15 16 16 17 18 18 18 18 17 18 19 19 19 19 17 15 14 13 13 14 14 12 11 12 12 12 12 12 12 12 13 16 17 15 14 14 15 17 16 15 14 14 13 13 12 12 13 13 14 13
1 0 -1 -2 -1 2 5 8 11 13 15 15 16 17 18 19 20 21 22 23 25 26 27 27 26 27 28 26 24 23 24 25 26 26 26 24 24 23 22 21 21 20 19 17 17 16 15 15 15 17 19 20 19 18 19 20 21 20 18 17 16 15 14 14 14 14 14 13 12 13 13 13 13 14 14 15 16 17 18 19 18 17 15 15 14 15 15 14 14 14 14 15 16 17 16 16
4 2 1 0 -1 2 5 8 11 13 16 18 18 18 19 20 21 22 23 24 25 26 27 27 26 26 27 26 24 23 24 26 27 27 26 25 24 23 22 21 20 20 19 17 18 17 15 15 16 18 20 20 19 18 19 20 20 18 17 16 15 15 15 14 15 15 15 14 13 14 14 14 14 15 15 15 16 17 18 18 18 16 14 14 14 14 15 16 16 16 17 17 17 17 17 17
6 5 2 0 1 2 5 9 11 13 15 18 19 19 18 18 20 21 22 23 24 25 26 27 26 25 25 26 27 27 26 26 26 25 25 24 24 22 22 21 18 17 16 16 15 14 13 13 14 17 18 18 18 18 18 16 15 14 15 15 15 16 16 15 15 15 15 16 16 17 18 18 18 18 17 16 16 17 17 17 17 16 14 15 15 16 17 18 18 18 19 20 20 19 18 18
6 4 1 -2 -2 1 5 9 12 14 14 17 20 20 20 20 20 21 21 22 22 23 25 27 27 26 27 28 29 28 27 27 26 24 23 22 21 20 19 18 17 15 14 14 13 13 13 14 14 14 16 17 17 18 18 17 16 16 16 15 15 16 16 16 17 17 17 18 19 19 20 20 19 17 17 16 16 17 18 18 17 17 17 16 16 16 17 18 19 19 20 21 21 21 20 19
6 4 3 1 0 0 0 3 9 14 17 17 20 22 21 21 20 20 19 20 22 23 24 27 28 28 27 28 27 26 25 26 25 24 23 22 21 21 20 20 19 17 15 14 14 14 13 13 13 13 15 16 16 17 17 18 19 18 17 17 16 15 16 17 18 18 19 19 19 19 18 18 18 18 17 18 18 18 18 19 19 19 20 20 19 18 17 17 18 18 18 19 20 20 20 19
5 4 2 1 0 -1 -1 -1 4 13 17 20 21 21 21 21 20 20 19 21 22 23 24 26 28 29 29 28 27 26 26 27 26 24 23 21 21 21 21 21 19 15 14 14 13 13 12 12 12 12 14 15 15 16 16 17 18 18 17 16 15 14 15 15 16 18 19 19 18 18 18 18 18 17 17 16 17 17 18 19 20 19 19 19 18 18 18 17 17 17 17 18 19 19 20 19
2 2 1 0 -2 -3 -3 -1 7 15 17 18 18 17 18 18 19 20 20 21 22 23 24 26 28 29 30 30 28 27 27 27 27 25 24 21 19 19 19 19 18 16 14 12 11 11 10 10 11 13 14 15 15 16 15 15 16 16 16 15 15 14 14 13 14 16 16 17 16 15 15 15 14 14 14 14 15 16 17 17 18 18 18 19 19 19 18 19 19 19 19 20 21 21 21 21
5 1 0 -1 -3 0 -1 0 9 14 15 15 16 16 17 17 17 19 20 20 20 21 23 25 27 29 30 30 30 30 30 29 27 25 23 20 18 17 16 15 14 13 12 10 10 9 9 10 12 12 13 14 14 15 13 12 12 13 14 14 14 15 16 15 15 15 14 14 14 13 12 13 13 14 14 14 16 16 16 16 16 17 19 20 20 19 19 21 22 22 23 23 23 23 23 23
4 0 1 3 4 1 0 3 7 9 11 13 14 15 16 16 16 17 18 19 20 20 22 24 26 27 27 28 29 29 30 29 26 22 20 20 20 17 14 13 12 11 11 11 10 10 9 9 10 10 11 12 12 13 12 12 12 11 13 14 15 16 17 18 17 16 16 15 14 12 11 11 13 15 16 17 17 18 18 18 18 18 18 18 19 19 19 20 23 24 25 25 26 26 25 24
4 0 0 4 7 6 1 2 5 9 11 12 13 15 16 16 16 17 19 20 20 20 21 24 26 27 27 26 27 26 27 28 26 23 21 21 21 18 14 11 11 12 12 11 10 9 8 8 9 10 10 11 11 12 12 12 12 11 13 15 16 17 17 18 17 16 16 15 14 12 11 12 14 17 17 17 17 18 18 19 20 20 19 19 18 18 19 21 23 24 25 25 26 27 26 25
4 2 0 -1 0 3 0 -2 1 8 12 13 13 14 15 15 17 18 17 18 19 21 23 24 25 24 25 26 27 27 27 29 29 27 25 22 20 19 16 14 13 14 13 12 11 9 8 9 10 12 13 14 15 16 17 15 14 13 14 16 17 18 19 19 18 17 17 15 13 12 13 14 16 17 17 17 17 18 20 21 22 22 21 21 20 19 20 22 24 24 25 26 26 26 25 25
5 2 1 0 -1 1 0 -1 2 8 12 13 13 15 16 16 17 18 18 18 18 20 22 24 24 23 24 25 26 26 29 32 33 29 25 21 21 22 24 21 17 15 13 12 12 11 11 11 12 14 15 16 17 18 19 18 16 15 16 16 17 17 17 18 18 18 16 14 13 13 13 14 16 17 17 18 18 19 21 22 21 21 20 20 21 21 21 23 24 24 24 24 24 23 23 22
5 4 1 0 0 -1 -2 0 3 7 10 13 14 15 15 16 17 18 17 16 18 20 23 24 24 25 26 27 27 26 26 26 26 24 23 21 22 23 23 21 19 17 16 14 12 12 12 12 13 13 13 15 16 17 18 17 16 17 18 17 16 16 16 15 15 16 16 14 12 12 14 15 17 18 17 16 16 17 18 19 19 21 22 23 23 22 22 23 23 23 22 21 20 19 20 19
6 4 1 -1 -3 -6 -5 -1 4 8 10 13 15 15 15 15 17 18 19 19 19 21 23 24 24 24 25 26 26 26 26 27 26 24 23 21 21 20 19 19 19 18 17 16 14 12 11 10 11 11 13 15 16 17 18 18 17 18 19 19 18 17 15 13 16 18 18 17 17 17 17 17 17 17 16 17 17 17 17 18 18 20 22 23 22 22 22 22 21 20 19 18 18 18 17 17
4 3 2 -9 -2 -3 -3 -2 1 7 9 11 12 13 14 14 16 17 19 20 21 23 24 25 24 23 23 25 26 27 28 28 27 25 23 22 20 18 19 22 22 20 18 16 14 12 11 10 11 10 11 13 14 16 17 18 18 18 18 19 19 18 17 16 17 19 20 20 21 21 19 18 17 18 16 15 17 18 19 20 19 20 21 22 20 18 18 17 16 16 16 18 19 19 19 18
-9 -9 -9 -9 0 1 -1 1 2 4 6 8 9 11 12 13 14 15 16 17 18 20 22 23 23 23 24 26 28 29 29 28 28 27 25 22 19 18 20 22 22 20 17 14 11 10 10 11 11 11 12 13 13 14 15 16 17 17 18 16 15 14 15 15 16 18 20 21 22 21 20 19 19 19 18 17 16 18 20 21 21 20 21 21 19 17 17 17 18 18 17 19 20 21 21 21
-9 -9 -9 -9 -9 1 -3 0 2 5 7 8 9 10 13 13 14 16 17 18 18 18 18 19 20 21 22 23 24 25 26 25 25 25 24 22 19 18 19 19 19 16 14 11 10 10 11 13 14 15 14 14 14 14 13 14 14 15 16 17 16 15 16 16 16 17 19 20 21 22 22 21 19 18 17 16 17 19 22 23 22 20 19 17 16 15 16 17 18 18 18 19 20 20 20 21
-9 -9 -9 -9 -9 1 -3 -2 1 4 7 8 10 11 12 13 15 17 18 19 19 18 18 18 19 20 21 22 23 24 24 23 23 23 24 21 18 17 18 18 17 15 12 10 10 10 11 12 14 14 14 14 14 14 14 14 14 16 18 19 17 16 16 16 16 17 18 19 20 21 22 22 19 17 15 15 17 20 22 22 21 20 19 17 16 16 17 17 18 18 18 19 20 20 20 20
-9 -9 -9 -9 -9 -9 -1 -2 -3 1 4 9 13 15 15 15 17 19 20 20 19 18 18 18 19 19 19 19 20 20 21 21 20 19 18 15 15 15 15 15 13 11 9 7 7 8 8 10 12 12 13 14 14 14 15 15 14 16 17 17 17 15 14 16 17 18 18 18 18 18 19 20 19 18 20 20 19 18 19 19 21 22 21 19 17 16 15 15 15 16 17 18 19 19 18 17
-9 -9 -9 -9 -9 -9 -9 -3 -3 2 7 9 9 10 12 13 16 18 18 19 19 18 18 18 18 18 17 17 17 17 17 16 16 15 14 12 11 11 10 9 7 6 5 4 4 5 6 8 10 12 12 12 12 14 15 16 16 17 17 16 15 14 16 19 20 20 19 18 17 17 18 18 18 18 21 23 23 21 20 20 22 23 23 21 18 16 14 14 13 13 15 16 17 17 17 16
-9 -9 -9 -9 -9 -9 -9 -9 0 3 7 8 10 12 14 15 17 19 20 20 19 18 18 18 17 17 17 16 15 16 17 15 13 13 13 13 12 12 11 10 8 5 4 5 5 6 7 7 7 8 9 10 10 10 12 13 14 15 17 17 16 16 18 19 19 18 17 17 17 16 16 17 15 14 16 18 19 18 17 18 20 21 22 22 19 16 14 12 13 14 16 17 18 18 17 16
-9 -9 -9 -9 -9 -9 -9 -9 -9 4 4 6 12 18 20 20 21 21 20 20 19 18 17 16 16 17 18 17 15 14 15 15 14 13 13 12 12 13 11 10 7 6 5 5 5 6 8 8 7 7 8 9 9 9 10 10 12 14 16 17 17 18 19 19 19 18 17 17 17 18 18 17 15 14 16 16 16 15 15 16 17 19 21 21 20 17 16 15 14 14 15 17 18 19 19 18
-9 -9 -9 -9 -9 -9 -9 -9 -9 -9 7 10 14 15 18 19 20 17 14 13 15 17 16 15 15 16 16 15 14 14 14 14 13 12 11 11 12 12 11 11 9 6 5 5 5 5 5 6 7 7 7 8 8 8 10 11 13 15 17 17 16 16 16 16 16 17 17 16 16 17 17 17 17 16 17 18 18 16 15 15 16 19 18 19 19 18 17 17 16 16 15 16 18 19 19 18
-9 -9 -9 -9 -9 -9 -9 -9 -9 -9 -9 -9 8 12 15 15 13 10 8 8 9 11 12 13 14 14 13 12 12 12 10 9 10 11 11 11 11 10 9 9 9 8 7 7 6 6 6 7 7 6 7 8 8 10 11 12 13 15 16 16 15 15 15 14 14 15 15 14 14 15 16 15 15 15 15 16 16 14 13 13 15 18 18 17 16 15 15 16 16 16 15 15 14 12 11 10
-9 -9 -9 -9 -9 -9 -9 -9 -9 -9 -9 -9 -9 4 6 7 8 6 5 4 5 6 7 8 9 9 9 9 9 9 8 9 10 10 10 8 9 9 10 9 8 8 7 7 7 8 9 9 8 8 8 7 7 9 12 13 14 14 14 14 13 13 13 14 15 15 16 16 15 15 15 15 15 15 16 17 16 14 13 12 11 12 12 13 12 12 11 12 11 11 11 11 10 9 9 9
-9 -9 -9 -9 -9 -9 -9 -9 -9 -9 -9 -9 -9 -9 3 4 6 5 4 4 4 4 5 6 7 7 7 8 7 7 7 9 10 10 9 7 9 10 11 10 9 8 6 5 5 6 8 9 9 9 8 8 8 10 13 14 14 14 13 13 14 13 13 14 15 16 17 15 14 14 15 15 15 15 16 16 15 14 14 12 10 10 11 12 12 12 11 11 9 9 9 7 6 6 7 8
-9 -9 -9 -9 -9 -9 -9 -9 -9 -9 -9 -9 -9 -9 -9 1 1 1 0 0 1 2 3 3 4 4 4 5 5 5 6 7 9 10 10 10 9 9 9 8 8 8 7 6 4 5 6 7 9 10 9 9 10 12 14 15 14 12 11 11 11 12 12 12 14 16 17 15 13 12 11 12 12 12 12 10 9 10 12 10 9 11 11 11 11 12 10 8 7 7 6 4 3 3 2 1
-9 -9 -9 -9 -9 -9 -9 -9 -9 -9 -9 -9 -9 -9 -9 -9 -9 -9 -9 0 1 0 0 1 2 2 2 2 3 4 6 7 7 7 8 8 8 9 8 9 8 7 6 5 4 5 6 7 9 9 7 8 8 9 11 12 11 10 11 11 11 11 11 12 11 12 13 14 12 10 9 8 11 12 10 9 9 10 10 9 9 10 11 9 7 6 5 4 4 4 3 2 1 2 2 3
-9 -9 -9 -9 -9 -9 -9 -9 -9 -9 -9 -9 -9 -9 -9 -9 -9 -9 -9 -9 -9 -9 -9 -1 0 1 0 0 1 2 3 6 8 9 8 8 8 8 8 7 6 5 4 5 6 7 8 9 9 7 4 3 3 5 8 9 9 9 9 9 9 10 11 9 8 11 13 12 10 8 8 8 6 5 4 3 4 6 8 8 8 9 8 5 3 3 2 2 2 1 0 1 2 2 3 3
-9 -9 -9 -9 -9 -9 -9 -9 -9 -9 -9 -9 -9 -9 -9 -9 -9 -9 -9 -9 -9 -9 -9 -9 -9 -9 -9 -1 -1 1 2 2 3 3 3 4 4 4 3 3 4 3 2 3 5 5 4 4 4 2 1 1 2 4 5 6 7 10 11 10 9 9 9 7 6 8 8 7 6 6 5 4 3 1 1 1 2 3 3 1 2 1 1 1 0 0 3 6 2 1 0 2 3 4 3 2
-9 -9 -9 -9 -9 -9 -9 -9 -9 -9 -9 -9 -9 -9 -9 -9 -9 -9 -9 -9 -9 -9 -9 -9 -9 -9 -9 -9 -9 -9 -9 -9 -9 2 2 2 0 -1 -1 0 1 1 0 0 0 1 0 -1 1 2 1 0 0 0 1 2 3 5 6 5 4 3 3 2 2 4 -9 -9 -9 -9 -9 -9 -9 -9 -9 -9 -9 -9 -9 -9 -9 -9 -9 -9 -9 1 1 1 1 1 2 2 2 1 1 1
-9 -9 -9 -9 -9 -9 -9 -9 -9 -9 -9 -9 -9 -9 -9 -9 -9 -9 -9 -9 -9 -9 -9 -9 -9 -9 -9 -9 -9 -9 -9 -9 -9 -9 -9 -9 -9 -9 -9 -9 -9 -9 -9 -9 -9 -9 -9 -9 -9 -9 -9 -9 -9 -9 -9 -9 -9 -9 -9 -9 -9 -9 -9 -9 -9 -9 -9 -9 -9 -9 -9 -9 -9 -9 -9 -9 -9 -9 -9 -9 -9 -9 -9 -9 -9 -9 -9 -9 -9 1 1 1 0 0 1 1
-9 -9 -9 -9 -9 -9 -9 -9 -9 -9 -9 -9 -9 -9 -9 -9 -9 -9 -9 -9 -9 -9 -9 -9 -9 -9 -9 -9 -9 -9 -9 -9 -9 -9 -9 -9 -9 -9 -9 -9 -9 -9 -9 -9 -9 -9 -9 -9 -9 -9 -9 -9 -9 -9 -9 -9 -9 -9 -9 -9 -9 -9 -9 -9 -9 -9 -9 -9 -9 -9 -9 -9 -9 -9 -9 -9 -9 -9 -9 -9 -9 -9 -9 -9 -9 -9 -9 -9 -9 -9 -9 0 1 1 0 1
-9 -9 -9 -9 -9 -9 -9 -9 -9 -9 -9 -9 -9 -9 -9 -9 -9 -9 -9 -9 -9 -9 -9 -9 -9 -9 -9 -9 -9 -9 -9 -9 -9 -9 -9 -9 -9 -9 -9 -9 -9 -9 -9 -9 -9 -9 -9 -9 -9 -9 -9 -9 -9 -9 -9 -9 -9 -9 -9 -9 -9 -9 -9 -9 -9 -9 -9 -9 -9 -9 -9 -9 -9 -9 -9 -9 -9 -9 -9 -9 -9 -9 -9 -9 -9 -9 -9 -9 -9 -9 -9 -9 0 1 1 0
-9 -9 -9 -9 -9 -9 -9 -9 -9 -9 -9 -9 -9 -9 -9 -9 -9 -9 -9 -9 -9 -9 -9 -9 -9 -9 -9 -9 -9 -9 -9 -9 -9 -9 -9 -9 -9 -9 -9 -9 -9 -9 -9 -9 -9 -9 -9 -9 -9 -9 -9 -9 -9 -9 -9 -9 -9 -9 -9 -9 -9 -9 -9 -9 -9 -9 -9 -9 -9 -9 -9 -9 -9 -9 -9 -9 -9 -9 -9 -9 -9 -9 -9 -9 -9 -9 -9 -9 -9 -9 -9 -9 -9 -9 0 1
-9 -9 -9 -9 -9 -9 -9 -9 -9 -9 -9 -9 -9 -9 -9 -9 -9 -9 -9 -9 -9 -9 -9 -9 -9 -9 -9 -9 -9 -9 -9 -9 -9 -9 -9 -9 -9 -9 -9 -9 -9 -9 -9 -9 -9 -9 -9 -9 -9 -9 -9 -9 -9 -9 -9 -9 -9 -9 -9 -9 -9 -9 -9 -9 -9 -9 -9 -9 -9 -9 -9 -9 -9 -9 -9 -9 -9 -9 -9 -9 -9 -9 -9 -9 -9 -9 -9 -9 -9 -9 -9 -9 -9 -9 -9 -9
-9 -9 -9 -9 -9 -9 -9 -9 -9 -9 -9 -9 -9 -9 -9 -9 -9 -9 -9 -9 -9 -9 -9 -9 -9 -9 -9 -9 -9 -9 -9 -9 -9 -9 -9 -9 -9 -9 -9 -9 -9 -9 -9 -9 -9 -9 -9 -9 -9 -9 -9 -9 -9 -9 -9 -9 -9 -9 -9 -9 -9 -9 -9 -9 -9 -9 -9 -9 -9 -9 -9 -9 -9 -9 -9 -9 -9 -9 -9 -9 -9 -9 -9 -9 -9 -9 -9 -9 -9 -9 -9 -9 -9 -9 -9 -9
-9 -9 -9 -9 -9 -9 -9 -9 -9 -9 -9 -9 -9 -9 -9 -9 -9 -9 -9 -9 -9 -9 -9 -9 -9 -9 -9 -9 -9 -9 -9 -9 -9 -9 -9 -9 -9 -9 -9 -9 -9 -9 -9 -9 -9 -9 -9 -9 -9 -9 -9 -9 -9 -9 -9 -9 -9 -9 -9 -9 -9 -9 -9 -9 -9 -9 -9 -9 -9 -9 -9 -9 -9 -9 -9 -9 -9 -9 -9 -9 -9 -9 -9 -9 -9 -9 -9 -9 -9 -9 -9 -9 -9 -9 -9 -9
-9 -9 -9 -9 -9 -9 -9 -9 -9 -9 -9 -9 -9 -9 -9 -9 -9 -9 -9 -9 -9 -9 -9 -9 -9 -9 -9 -9 -9 -9 -9 -9 -9 -9 -9 -9 -9 -9 -9 -9 -9 -9 -9 -9 -9 -9 -9 -9 -9 -9 -9 -9 -9 -9 -9 -9 -9 -9 -9 -9 -9 -9 -9 -9 -9 -9 -9 -9 -9 -9 -9 -9 -9 -9 -9 -9 -9 -9 -9 -9 -9 -9 -9 -9 -9 -9 -9 -9 -9 -9 -9 -9 -9 -9 -9 -9
-9 -9 -9 -9 -9 -9 -9 -9 -9 -9 -9 -9 -9 -9 -9 -9 -9 -9 -9 -9 -9 -9 -9 -9 -9 -9 -9 -9 -9 -9 -9 -9 -9 -9 -9 -9 -9 -9 -9 -9 -9 -9 -9 -9 -9 -9 -9 -9 -9 -9 -9 -9 -9 -9 -9 -9 -9 -9 -9 -9 -9 -9 -9 -9 -9 -9 -9 -9 -9 -9 -9 -9 -9 -9 -9 -9 -9 -9 -9 -9 -9 -9 -9 -9 -9 -9 -9 -9 -9 -9 -9 -9 -9 -9 -9 -9
-9 -9 -9 -9 -9 -9 -9 -9 -9 -9 -9 -9 -9 -9 -9 -9 -9 -9 -9 -9 -9 -9 -9 -9 -9 -9 -9 -9 -9 -9 -9 -9 -9 -9 -9 -9 -9 -9 -9 -9 -9 -9 -9 -9 -9 -9 -9 -9 -9 -9 -9 -9 -9 -9 -9 -9 -9 -9 -9 -9 -9 -9 -9 -9 -9 -9 -9 -9 -9 -9 -9 -9 -9 -9 -9 -9 -9 -9 -9 -9 -9 -9 -9 -9 -9 -9 -9 -9 -9 -9 -9 -9 -9 -9 -9 -9
-9 -9 -9 -9 -9 -9 -9 -9 -9 -9 -9 -9 -9 -9 -9 -9 -9 -9 -9 -9 -9 -9 -9 -9 -9 -9 -9 -9 -9 -9 -9 -9 -9 -9 -9 -9 -9 -9 -9 -9 -9 -9 -9 -9 -9 -9 -9 -9 -9 -9 -9 -9 -9 -9 -9 -9 -9 -9 -9 -9 -9 -9 -9 -9 -9 -9 -9 -9 -9 -9 -9 -9 -9 -9 -9 -9 -9 -9 -9 -9 -9 -9 -9 -9 -9 -9 -9 -9 -9 -9 -9 -9 -9 -9 -9 -9
-9 -9 -9 -9 -9 -9 -9 -9 -9 -9 -9 -9 -9 -9 -9 -9 -9 -9 -9 -9 -9 -9 -9 -9 -9 -9 -9 -9 -9 -9 -9 -9 -9 -9 -9 -9 -9 -9 -9 -9 -9 -9 -9 -9 -9 -9 -9 -9 -9 -9 -9 -9 -9 -9 -9 -9 -9 -9 -9 -9 -9 -9 -9 -9 -9 -9 -9 -9 -9 -9 -9 -9 -9 -9 -9 -9 -9 -9 -9 -9 -9 -9 -9 -9 -9 -9 -9 -9 -9 -9 -9 -9 -9 -9 -9 -9
-9 -9 -9 -9 -9 -9 -9 -9 -9 -9 -9 -9 -9 -9 -9 -9 -9 -9 -9 -9 -9 -9 -9 -9 -9 -9 -9 -9 -9 -9 -9 -9 -9 -9 -9 -9 -9 -9 -9 -9 -9 -9 -9 -9 -9 -9 -9 -9 -9 -9 -9 -9 -9 -9 -9 -9 -9 -9 -9 -9 -9 -9 -9 -9 -9 -9 -9 -9 -9 -9 -9 -9 -9 -9 -9 -9 -9 -9 -9 -9 -9 -9 -9 -9 -9 -9 -9 -9 -9 -9 -9 -9 -9 -9 -9 -9
-9 -9 -9 -9 -9 -9 -9 -9 -9 -9 -9 -9 -9 -9 -9 -9 -9 -9 -9 -9 -9 -9 -9 -9 -9 -9 -9 -9 -9 -9 -9 -9 -9 -9 -9 -9 -9 -9 -9 -9 -9 -9 -9 -9 -9 -9 -9 -9 -9 -9 -9 -9 -9 -9 -9 -9 -9 -9 -9 -9 -9 -9 -9 -9 -9 -9 -9 -9 -9 -9 -9 -9 -9 -9 -9 -9 -9 -9 -9 -9 -9 -9 -9 -9 -9 -9 -9 -9 -9 -9 -9 -9 -9 -9 -9 -9
-9 -9 -9 -9 -9 -9 -9 -9 -9 -9 -9 -9 -9 -9 -9 -9 -9 -9 -9 -9 -9 -9 -9 -9 -9 -9 -9 -9 -9 -9 -9 -9 -9 -9 -9 -9 -9 -9 -9 -9 -9 -9 -9 -9 -9 -9 -9 -9 -9 -9 -9 -9 -9 -9 -9 -9 -9 -9 -9 -9 -9 -9 -9 -9 -9 -9 -9 -9 -9 -9 -9 -9 -9 -9 -9 -9 -9 -9 -9 -9 -9 -9 -9 -9 -9 -9 -9 -9 -9 -9 -9 -9 -9 -9 -9 -9
-9 -9 -9 -9 -9 -9 -9 -9 -9 -9 -9 -9 -9 -9 -9 -9 -9 -9 -9 -9 -9 -9 -9 -9 -9 -9 -9 -9 -9 -9 -9 -9 -9 -9 -9 -9 -9 -9 -9 -9 -9 -9 -9 -9 -9 -9 -9 -9 -9 -9 -9 -9 -9 -9 -9 -9 -9 -9 -9 -9 -9 -9 -9 -9 -9 -9 -9 -9 -9 -9 -9 -9 -9 -9 -9 -9 -9 -9 -9 -9 -9 -9 -9 -9 -9 -9 -9 -9 -9 -9 -9 -9 -9 -9 -9 -9
-9 -9 -9 -9 -9 -9 -9 -9 -9 -9 -9 -9 -9 -9 -9 -9 -9 -9 -9 -9 -9 -9 -9 -9 -9 -9 -9 -9 -9 -9 -9 -9 -9 -9 -9 -9 -9 -9 -9 -9 -9 -9 -9 -9 -9 -9 -9 -9 -9 -9 -9 -9 -9 -9 -9 -9 -9 -9 -9 -9 -9 -9 -9 -9 -9 -9 -9 -9 -9 -9 -9 -9 -9 -9 -9 -9 -9 -9 -9 -9 -9 -9 -9 -9 -9 -9 -9 -9 -9 -9 -9 -9 -9 -9 -9 -9
-9 -9 -9 -9 -9 -9 -9 -9 -9 -9 -9 -9 -9 -9 -9 -9 -9 -9 -9 -9 -9 -9 -9 -9 -9 -9 -9 -9 -9 -9 -9 -9 -9 -9 -9 -9 -9 -9 -9 -9 -9 -9 -9 -9 -9 -9 -9 -9 -9 -9 -9 -9 -9 -9 -9 -9 -9 -9 -9 -9 -9 -9 -9 -9 -9 -9 -9 -9 -9 -9 -9 -9 -9 -9 -9 -9 -9 -9 -9 -9 -9 -9 -9 -9 -9 -9 -9 -9 -9 -9 -9 -9 -9 -9 -9 -9
-9 -9 -9 -9 -9 -9 -9 -9 -9 -9 -9 -9 -9 -9 -9 -9 -9 -9 -9 -9 -9 -9 -9 -9 -9 -9 -9 -9 -9 -9 -9 -9 -9 -9 -9 -9 -9 -9 -9 -9 -9 -9 -9 -9 -9 -9 -9 -9 -9 -9 -9 -9 -9 -9 -9 -9 -9 -9 -9 -9 -9 -9 -9 -9 -9 -9 -9 -9 -9 -9 -9 -9 -9 -9 -9 -9 -9 -9 -9 -9 -9 -9 -9 -9 -9 -9 -9 -9 -9 -9 -9 -9 -9 -9 -9 -9
-9 -9 -9 -9 -9 -9 -9 -9 -9 -9 -9 -9 -9 -9 -9 -9 -9 -9 -9 -9 -9 -9 -9 -9 -9 -9 -9 -9 -9 -9 -9 -9 -9 -9 -9 -9 -9 -9 -9 -9 -9 -9 -9 -9 -9 -9 -9 -9 -9 -9 -9 -9 -9 -9 -9 -9 -9 -9 -9 -9 -9 -9 -9 -9 -9 -9 -9 -9 -9 -9 -9 -9 -9 -9 -9 -9 -9 -9 -9 -9 -9 -9 -9 -9 -9 -9 -9 -9 -9 -9 -9 -9 -9 -9 -9 -9
-9 -9 -9 -9 -9 -9 -9 -9 -9 -9 -9 -9 -9 -9 -9 -9 -9 -9 -9 -9 -9 -9 -9 -9 -9 -9 -9 -9 -9 -9 -9 -9 -9 -9 -9 -9 -9 -9 -9 -9 -9 -9 -9 -9 -9 -9 -9 -9 -9 -9 -9 -9 -9 -9 -9 -9 -9 -9 -9 -9 -9 -9 -9 -9 -9 -9 -9 -9 -9 -9 -9 -9 -9 -9 -9 -9 -9 -9 -9 -9 -9 -9 -9 -9 -9 -9 -9 -9 -9 -9 -9 -9 -9 -9 -9 -9
-9 -9 -9 -9 -9 -9 -9 -9 -9 -9 -9 -9 -9 -9 -9 -9 -9 -9 -9 -9 -9 -9 -9 -9 -9 -9 -9 -9 -9 -9 -9 -9 -9 -9 -9 -9 -9 -9 -9 -9 -9 -9 -9 -9 -9 -9 -9 -9 -9 -9 -9 -9 -9 -9 -9 -9 -9 -9 -9 -9 -9 -9 -9 -9 -9 -9 -9 -9 -9 -9 -9 -9 -9 -9 -9 -9 -9 -9 -9 -9 -9 -9 -9 -9 -9 -9 -9 -9 -9 -9 -9 -9 -9 -9 -9 -9
-9 -9 -9 -9 -9 -9 -9 -9 -9 -9 -9 -9 -9 -9 -9 -9 -9 -9 -9 -9 -9 -9 -9 -9 -9 -9 -9 -9 -9 -9 -9 -9 -9 -9 -9 -9 -9 -9 -9 -9 -9 -9 -9 -9 -9 -9 -9 -9 -9 -9 -9 -9 -9 -9 -9 -9 -9 -9 -9 -9 -9 -9 -9 -9 -9 -9 -9 -9 -9 -9 -9 -9 -9 -9 -9 -9 -9 -9 -9 -9 -9 -9 -9 -9 -9 -9 -9 -9 -9 -9 -9 -9 -9 -9 -9 -9
-9 -9 -9 -9 -9 -9 -9 -9 -9 -9 -9 -9 -9 -9 -9 -9 -9 -9 -9 -9 -9 -9 -9 -9 -9 -9 -9 -9 -9 -9 -9 -9 -9 -9 -9 -9 -9 -9 -9 -9 -9 -9 -9 -9 -9 -9 -9 -9 -9 -9 -9 -9 -9 -9 -9 -9 -9 -9 -9 -9 -9 -9 -9 -9 -9 -9 -9 -9 -9 -9 -9 -9 -9 -9 -9 -9 -9 -9 -9 -9 -9 -9 -9 -9 -9 -9 -9 -9 -9 -9 -9 -9 -9 -9 -9 -9
-9 -9 -9 -9 -9 -9 -9 -9 -9 -9 -9 -9 -9 -9 -9 -9 -9 -9 -9 -9 -9 -9 -9 -9 -9 -9 -9 -9 -9 -9 -9 -9 -9 -9 -9 -9 -9 -9 -9 -9 -9 -9 -9 -9 -9 -9 -9 -9 -9 -9 -9 -9 -9 -9 -9 -9 -9 -9 -9 -9 -9 -9 -9 -9 -9 -9 -9 -9 -9 -9 -9 -9 -9 -9 -9 -9 -9 -9 -9 -9 -9 -9 -9 -9 -9 -9 -9 -9 -9 -9 -9 -9 -9 -9 -9 -9
-9 -9 -9 -9 -9 -9 -9 -9 -9 -9 -9 -9 -9 -9 -9 -9 -9 -9 -9 -9 -9 -9 -9 -9 -9 -9 -9 -9 -9 -9 -9 -9 -9 -9 -9 -9 -9 -9 -9 -9 -9 -9 -9 -9 -9 -9 -9 -9 -9 -9 -9 -9 -9 -9 -9 -9 -9 -9 -9 -9 -9 -9 -9 -9 -9 -9 -9 -9 -9 -9 -9 -9 -9 -9 -9 -9 -9 -9 -9 -9 -9 -9 -9 -9 -9 -9 -9 -9 -9 -9 -9 -9 -9 -9 -9 -9
-9 -9 -9 -9 -9 -9 -9 -9 -9 -9 -9 -9 -9 -9 -9 -9 -9 -9 -9 -9 -9 -9 -9 -9 -9 -9 -9 -9 -9 -9 -9 -9 -9 -9 -9 -9 -9 -9 -9 -9 -9 -9 -9 -9 -9 -9 -9 -9 -9 -9 -9 -9 -9 -9 -9 -9 -9 -9 -9 -9 -9 -9 -9 -9 -9 -9 -9 -9 -9 -9 -9 -9 -9 -9 -9 -9 -9 -9 -9 -9 -9 -9 -9 -9 -9 -9 -9 -9 -9 -9 -9 -9 -9 -9 -9 -9
