HoopoePrediction/HoopoePrediction/Resources/sh_dem_8.asc
ncols        1026
nrows        916
xllcorner    10.758472224000
yllcorner    54.058194445000
dx           0.000540394196
dy           0.000520681709
NODATA_value  -9
[rows 649 to 707 of 916, columns 96 to 191 of 1026]
81 80 78 75 72 71 70 71 71 71 73 74 73 72 71 71 71 71 72 71 72 73 72 70 68 68 67 66 66 66 67 66 64 62 61 60 59 59 60 61 66 68 66 69 74 77 76 75 72 70 70 71 71 71 72 73 72 71 68 65 64 62 61 61 58 52 45 43 42 42 41 40 36 32 29 28 30 34 38 38 34 30 28 27 27 27 27 27 26 26 27 27 26 25 27 29
78 74 72 71 68 67 67 68 69 70 71 73 72 71 71 70 69 68 69 70 70 70 71 70 69 68 67 66 65 65 65 64 64 64 63 61 60 61 62 64 69 71 70 72 75 77 77 76 73 71 70 70 70 69 68 67 67 67 67 65 62 60 59 60 57 51 45 43 42 40 38 36 34 32 30 33 40 43 44 43 37 31 29 28 27 27 27 27 28 28 29 28 27 26 26 26
75 74 73 71 69 67 66 66 67 69 71 72 71 69 68 68 67 67 67 68 69 69 70 69 67 65 64 64 64 65 65 64 64 64 63 65 67 69 68 66 67 68 70 73 75 76 76 73 68 67 68 67 67 67 67 66 66 65 64 63 61 60 61 62 60 55 48 44 42 39 36 34 32 32 38 44 47 46 43 38 31 28 28 28 29 29 30 30 29 29 29 29 28 27 26 26
74 74 72 70 69 68 67 66 67 68 70 71 71 69 68 68 67 67 67 67 68 69 70 69 67 65 64 64 64 64 65 64 64 63 62 66 70 72 69 67 67 68 70 72 73 73 73 71 68 67 68 67 67 66 65 64 65 64 63 62 61 60 61 62 59 55 49 44 42 39 36 34 32 33 40 45 45 43 39 33 28 27 27 28 29 32 35 33 30 29 28 27 26 26 26 26
73 72 71 69 67 67 68 67 67 68 68 68 69 69 69 69 69 67 66 66 67 68 68 68 67 66 65 63 62 63 63 63 63 63 63 68 74 77 73 72 71 68 64 63 64 65 64 65 66 67 69 68 68 67 65 64 63 62 61 59 58 57 59 60 58 53 48 44 42 40 37 36 35 38 43 44 40 32 28 26 27 27 27 26 30 38 43 43 36 32 28 26 25 26 27 27
73 71 69 69 67 67 67 66 66 67 69 68 69 70 69 69 67 65 64 64 65 65 65 65 66 65 65 64 63 62 61 60 59 59 60 64 69 67 67 66 62 59 57 55 54 57 60 62 61 62 65 65 65 67 68 67 66 64 62 59 57 56 57 60 60 55 48 43 42 40 38 37 35 36 40 40 32 27 26 26 27 29 29 28 34 42 44 46 46 44 38 30 27 27 27 26
74 73 74 77 77 75 70 69 69 69 69 69 69 68 68 68 68 66 64 63 63 62 62 62 63 63 62 62 61 60 58 56 55 55 56 58 59 59 59 57 56 55 54 52 53 55 59 61 61 62 63 66 66 67 67 68 67 63 58 55 54 55 56 57 55 49 42 40 40 39 36 34 31 30 31 32 29 27 26 27 28 29 28 27 30 36 42 45 46 44 38 30 26 26 26 26
76 77 78 80 79 75 72 72 73 73 71 68 68 67 66 66 65 63 62 62 63 62 61 61 62 63 63 63 62 60 58 57 56 55 54 54 54 54 53 53 53 54 54 55 56 58 59 60 60 59 58 60 61 63 63 63 60 57 53 51 52 55 56 53 48 43 40 39 37 35 33 31 29 28 27 27 26 27 26 26 27 28 28 27 26 30 35 39 42 41 37 30 27 26 26 25
75 77 78 78 76 73 71 71 74 76 73 70 67 66 65 64 63 62 61 61 61 61 61 62 63 63 63 63 62 61 60 59 58 57 56 55 56 55 54 54 54 54 54 56 58 59 59 59 58 56 55 55 55 55 55 56 55 53 51 50 52 57 59 54 46 40 39 38 36 34 31 29 27 27 27 26 26 27 27 27 28 29 29 29 27 27 29 31 32 32 32 30 28 27 26 27
72 74 76 76 74 72 71 71 73 76 74 69 66 65 64 63 62 61 61 60 61 61 60 61 61 62 61 61 61 60 59 58 58 57 56 55 55 55 54 56 58 58 58 57 58 58 57 57 57 57 56 55 55 54 55 55 53 51 49 49 52 55 57 54 46 41 39 37 35 31 28 27 26 25 26 27 29 29 29 29 29 30 30 30 29 29 28 27 27 27 28 28 28 27 27 27
69 70 72 72 72 71 71 70 70 72 71 68 66 64 62 62 62 61 60 60 61 62 61 62 63 62 61 61 61 60 60 58 56 55 54 54 54 54 54 54 56 57 57 55 55 55 55 55 57 57 57 56 56 55 55 54 52 50 48 48 51 53 52 49 45 42 40 37 34 31 29 28 28 27 27 29 30 30 31 31 30 30 30 30 30 31 30 30 29 29 29 29 28 28 28 27
69 69 70 71 71 69 69 69 68 69 70 69 65 62 61 61 61 61 60 60 60 61 62 62 63 62 61 60 60 60 59 58 56 54 53 54 54 53 52 53 54 56 56 55 54 54 54 55 56 58 58 56 56 55 55 54 52 50 48 48 51 52 50 47 45 42 40 37 34 31 30 29 28 28 28 30 31 30 31 31 31 31 31 31 31 31 30 29 28 28 28 28 27 28 28 27
70 69 70 71 71 69 66 65 64 65 66 64 61 59 60 60 61 62 62 62 61 60 60 61 60 61 61 61 60 58 57 56 57 55 54 52 53 53 51 51 51 52 54 53 53 53 54 55 55 56 56 54 54 53 53 53 52 51 50 52 55 56 51 46 43 42 40 37 34 32 31 31 32 36 34 33 33 31 31 32 32 32 31 31 31 30 29 28 27 27 26 27 26 25 25 26
68 69 70 70 69 67 65 63 63 64 63 60 58 57 57 58 59 61 62 63 62 61 60 59 60 60 61 60 59 57 56 55 54 54 55 54 54 53 52 52 51 51 51 52 54 54 53 53 53 54 55 54 54 53 53 52 50 49 51 53 54 51 48 45 44 42 40 37 36 37 38 38 39 45 44 36 32 32 32 32 33 33 32 30 29 28 27 25 24 24 25 25 25 24 24 25
68 68 68 68 68 66 65 64 63 64 62 58 56 55 56 57 59 62 63 63 63 61 58 57 58 59 60 60 60 58 56 54 53 54 54 54 54 54 54 53 51 50 51 52 53 53 53 53 53 54 54 54 54 54 52 50 49 49 50 51 49 47 45 44 44 43 41 39 38 38 40 42 43 46 46 40 31 30 31 31 31 31 30 28 27 26 25 23 22 22 22 22 23 23 24 24
69 69 68 68 67 65 65 64 61 59 57 56 56 55 55 56 60 64 66 67 64 60 57 56 57 58 59 60 58 56 55 54 53 54 54 54 53 53 52 51 51 51 52 52 52 53 52 51 52 53 54 54 54 53 52 50 49 48 48 48 47 46 45 43 42 41 39 37 37 36 38 41 44 46 47 46 38 32 30 30 29 27 26 26 25 24 24 23 22 22 22 22 24 25 24 24
70 69 69 69 68 66 65 64 62 59 58 59 59 58 57 57 58 62 66 68 64 59 56 55 55 56 57 58 57 56 55 54 53 53 53 53 52 52 52 51 50 51 52 52 52 52 52 51 52 53 53 53 53 53 52 50 48 48 47 47 47 46 45 43 42 41 39 38 37 38 40 42 44 44 43 43 41 37 31 30 29 27 26 26 25 25 26 26 26 26 25 24 23 23 22 23
70 69 69 67 66 63 61 61 62 67 69 69 67 60 58 58 58 58 59 59 59 58 57 56 55 56 57 57 56 55 54 54 53 53 53 53 51 50 51 51 50 50 51 52 52 52 51 51 52 52 52 52 52 52 52 50 48 47 47 47 46 46 44 42 40 39 38 38 41 43 44 45 45 44 42 42 43 43 38 32 29 27 27 28 29 28 27 26 25 25 24 23 22 22 22 23
67 66 66 64 63 62 63 67 71 75 75 73 69 63 58 58 59 58 57 56 56 56 56 55 54 56 58 58 56 54 53 54 55 54 53 52 52 51 51 52 51 51 51 51 51 52 52 51 50 51 51 51 51 50 50 49 48 46 45 46 44 43 43 42 40 39 38 38 39 40 41 42 43 42 41 40 42 43 41 39 35 34 33 31 30 28 26 24 22 22 21 21 21 22 22 21
68 67 66 64 63 66 68 72 76 76 75 73 69 62 59 59 60 59 57 56 56 56 56 55 55 57 58 58 56 55 54 56 57 56 55 53 52 51 51 52 52 51 50 51 52 53 53 52 50 51 52 50 50 49 48 48 47 46 45 44 43 42 41 41 41 39 37 36 37 38 39 39 40 39 38 38 39 41 41 39 36 35 34 33 31 28 25 24 23 23 22 21 21 20 21 21
69 70 71 73 73 73 73 74 74 73 70 67 64 60 60 60 60 58 56 55 54 55 56 55 56 56 56 56 55 55 55 56 57 56 55 54 53 53 54 54 53 52 51 51 52 53 53 53 52 51 52 51 50 48 47 46 46 44 43 42 41 40 40 41 42 40 39 38 38 38 38 37 37 37 37 36 37 38 36 33 32 34 35 34 32 29 26 23 22 22 21 20 20 20 20 20
68 73 76 75 74 72 72 74 73 70 69 63 58 59 60 60 59 58 56 54 53 54 54 53 53 54 54 53 53 53 53 54 54 54 53 52 53 54 53 53 53 52 51 51 51 52 53 54 55 54 53 52 52 50 47 44 43 42 42 42 41 41 41 40 41 41 40 39 38 39 39 38 38 38 38 37 34 32 31 31 33 35 35 34 32 28 25 23 21 21 20 20 20 20 20 20
70 74 76 75 74 72 73 75 76 74 70 63 58 60 60 60 59 58 56 54 53 53 53 52 52 53 53 52 52 51 51 50 51 52 51 51 51 52 52 53 52 51 51 52 51 51 52 52 52 52 51 49 48 47 45 42 40 41 42 43 42 42 42 41 40 40 39 38 39 40 40 40 40 40 39 37 33 30 30 31 33 35 35 33 30 27 24 22 22 22 21 21 21 21 21 21
73 73 75 76 75 73 73 74 72 71 69 62 58 58 57 57 56 56 54 53 52 53 52 51 51 51 51 51 52 50 49 48 50 51 51 50 50 50 50 51 49 49 49 49 49 49 50 50 50 51 51 49 48 45 42 40 40 42 43 44 45 44 42 41 40 40 40 39 38 37 37 38 39 40 40 39 36 32 29 28 29 30 31 31 30 28 26 23 22 22 21 21 22 22 22 21
72 72 74 75 74 73 71 70 68 66 63 59 55 57 60 59 56 54 53 53 54 52 51 50 51 50 49 50 50 48 47 46 47 48 48 48 49 50 50 49 49 50 50 48 49 48 48 48 49 50 49 47 45 42 39 38 39 42 44 45 44 43 42 41 41 42 41 39 38 37 36 35 35 35 36 37 37 34 29 27 28 28 28 29 29 29 27 23 22 22 22 22 22 22 21 20
72 73 73 72 69 68 66 64 62 61 58 54 51 52 55 57 58 55 53 54 54 52 51 52 52 52 52 53 53 50 47 45 44 45 46 46 47 48 48 47 48 48 48 47 47 48 47 47 47 46 47 46 44 40 37 37 39 41 43 43 42 41 41 41 40 40 39 38 37 36 34 33 33 32 32 33 35 33 30 28 28 27 26 26 27 26 24 22 21 21 21 21 20 20 19 19
69 69 68 66 64 63 58 55 55 54 52 50 48 50 53 54 55 54 52 51 52 52 53 54 54 54 55 56 56 53 48 45 44 44 43 44 46 46 46 45 45 46 46 46 46 46 46 46 45 45 45 44 43 40 39 38 39 41 42 41 40 40 39 39 38 38 37 36 35 34 33 33 33 32 31 31 31 30 30 28 26 25 25 24 23 23 22 22 22 22 21 20 20 21 21 20
66 66 65 63 60 57 53 52 53 53 51 50 48 50 53 53 54 53 52 52 53 53 53 54 53 53 54 55 55 52 49 47 44 43 43 43 45 45 44 44 44 46 46 45 45 45 45 45 45 46 45 44 43 40 38 37 38 40 41 41 40 39 39 38 38 38 37 36 35 34 34 35 34 32 30 30 30 29 29 27 26 25 24 23 23 23 22 22 22 22 21 20 20 21 21 20
59 57 55 53 51 50 49 50 51 51 50 50 48 48 50 50 51 52 51 50 51 52 51 51 50 50 50 49 48 46 45 44 43 42 41 41 42 43 43 43 43 42 42 44 45 45 44 43 43 44 44 43 42 40 37 36 37 38 38 38 37 36 36 36 36 36 36 35 34 35 35 35 33 32 31 29 28 29 29 28 27 27 26 25 24 23 21 22 23 23 22 21 20 20 19 18
50 48 50 54 54 52 49 48 47 48 48 47 46 45 45 46 50 52 51 50 49 50 50 49 48 48 49 47 45 44 43 42 42 43 42 41 41 42 42 42 43 41 41 42 43 44 45 43 41 41 40 39 39 38 37 37 37 37 37 37 36 34 33 33 34 35 35 35 34 35 35 34 33 32 30 30 30 30 30 30 29 28 28 27 27 25 23 22 22 22 22 22 21 20 19 19
52 52 53 55 55 54 53 48 45 44 43 43 42 42 47 48 50 49 49 48 49 49 49 48 47 47 47 47 47 45 44 44 45 45 44 43 42 42 43 42 42 42 41 40 40 42 43 41 42 42 40 38 38 37 36 36 36 36 35 35 35 33 31 30 31 34 35 36 36 36 35 34 33 32 31 30 30 29 29 28 27 26 26 26 26 26 25 24 23 23 22 22 21 20 18 17
53 53 54 55 55 54 53 51 50 48 42 40 39 41 45 45 45 45 46 47 48 47 48 47 46 46 46 46 45 45 45 44 43 43 42 43 43 43 44 43 42 41 40 39 39 40 42 42 42 42 41 39 39 38 38 36 35 35 35 34 32 30 29 30 31 32 33 33 34 34 33 33 31 29 29 30 29 28 27 27 26 25 24 23 24 25 25 24 24 24 23 23 22 20 18 17
51 50 51 53 55 55 54 51 47 47 45 42 39 40 41 41 40 41 43 45 46 46 45 44 45 45 45 44 44 43 42 40 39 38 39 40 41 42 43 42 40 39 38 38 38 37 39 40 41 40 39 38 38 38 38 36 35 34 34 32 31 31 30 30 29 30 31 32 32 31 30 30 29 28 29 29 28 26 25 25 26 25 23 22 22 22 21 20 20 20 20 20 20 20 19 18
52 50 49 49 50 51 50 48 45 43 41 39 37 38 38 38 39 40 40 42 42 41 42 44 45 45 46 46 44 41 39 38 37 36 36 37 38 38 39 40 40 40 39 37 34 34 35 37 38 38 39 38 38 37 36 37 36 35 34 33 31 30 29 29 29 30 30 30 29 28 29 29 28 27 28 28 28 25 23 23 24 24 24 23 22 21 20 19 18 18 18 19 19 18 18 18
54 50 47 46 45 45 44 43 41 39 39 38 37 36 36 37 38 38 37 38 39 41 43 46 47 47 48 47 45 42 39 37 36 36 36 36 37 37 38 39 39 39 38 36 34 34 35 35 35 36 36 37 37 37 36 37 37 36 35 34 32 30 28 27 28 29 30 29 28 28 28 27 27 27 28 28 28 26 24 24 24 23 23 22 20 19 18 18 18 18 18 19 18 17 16 16
53 50 48 46 46 45 45 43 39 38 38 39 38 36 35 36 37 38 38 37 39 41 44 46 47 47 48 46 44 42 39 37 36 36 37 36 36 37 37 39 38 38 37 35 34 35 35 35 35 34 34 35 35 36 37 38 36 35 34 33 31 30 29 28 28 30 31 30 29 29 28 28 28 28 29 29 29 27 25 24 24 23 22 21 20 19 18 19 19 19 19 19 17 16 15 15
52 50 48 46 47 46 44 42 40 39 39 38 38 37 37 37 37 37 37 37 38 41 43 44 44 43 43 42 42 40 38 37 36 36 37 38 39 38 37 38 38 37 35 33 33 34 34 33 32 31 31 32 33 35 36 37 35 34 32 31 29 28 27 27 28 30 31 32 32 30 29 29 30 30 29 29 29 29 27 25 24 22 20 20 19 18 18 19 18 18 17 17 15 13 13 14
51 49 48 47 47 47 45 44 43 42 41 39 38 38 38 38 37 36 35 36 40 43 45 44 41 39 38 39 37 36 36 36 36 36 36 37 38 37 35 34 34 34 32 31 31 32 32 31 31 29 28 31 32 34 35 34 33 31 29 28 28 27 27 26 25 26 28 29 28 27 28 29 29 29 28 27 27 27 27 25 22 20 20 20 18 17 17 16 15 15 15 15 14 15 15 15
52 50 50 50 49 48 46 44 43 42 42 42 41 41 40 39 37 36 36 37 38 40 42 43 43 41 39 36 35 34 34 33 34 35 35 34 35 35 34 33 32 31 29 27 28 29 29 28 27 27 30 32 32 33 34 34 32 30 27 26 26 26 24 23 23 24 25 26 25 25 26 27 27 27 27 26 24 24 24 23 23 22 21 20 18 16 16 16 15 15 15 15 15 15 14 15
52 51 49 47 46 47 45 42 40 38 37 38 40 40 38 37 36 36 37 38 38 39 42 43 43 42 41 41 39 37 33 31 33 35 35 35 35 35 34 32 31 31 29 26 26 26 25 25 25 26 27 30 30 32 33 31 29 27 25 24 23 23 23 23 24 24 24 24 23 22 22 23 25 26 27 26 24 23 23 21 21 20 19 18 17 16 16 15 14 14 14 14 14 14 13 13
51 50 47 45 45 46 45 41 38 36 33 33 36 36 36 36 36 36 35 35 37 39 40 41 40 39 39 37 36 35 34 33 34 33 33 34 34 33 33 33 32 32 30 28 25 24 24 24 24 25 26 27 27 28 29 27 25 24 23 23 23 23 22 23 24 23 22 22 23 22 22 22 24 27 27 26 24 22 21 20 20 19 19 18 18 17 15 15 15 15 14 13 14 15 16 17
50 48 46 46 46 47 47 44 40 36 35 34 35 35 34 34 35 35 34 34 36 38 40 41 39 37 35 34 33 32 32 31 30 30 30 32 31 30 31 31 32 32 32 29 26 23 23 24 24 24 24 25 25 26 26 26 24 23 22 22 22 22 21 20 21 21 22 22 21 21 22 22 21 22 24 24 21 20 20 19 19 19 18 16 21 24 23 17 15 15 16 16 16 17 17 17
46 46 44 44 45 44 44 42 38 35 35 35 33 32 31 31 32 34 33 33 34 35 36 37 36 34 32 31 31 30 29 28 27 27 27 27 28 28 30 33 35 34 32 30 27 25 23 22 23 22 22 22 22 22 21 22 22 22 22 22 23 24 24 23 22 22 23 22 21 21 21 21 20 20 22 23 21 19 19 18 17 17 16 16 20 22 19 15 15 15 16 17 18 18 18 18
45 44 42 42 42 41 42 41 37 33 32 33 31 31 30 30 31 32 32 32 33 33 34 35 35 33 32 31 31 30 29 28 27 26 26 27 27 27 29 32 34 33 31 28 26 24 23 22 23 22 22 22 22 21 21 21 21 21 21 23 24 25 26 26 25 25 25 23 21 20 19 18 19 19 21 23 21 19 18 18 18 18 17 16 19 22 19 15 16 16 16 17 18 18 17 17
42 40 38 38 37 37 36 35 33 31 30 30 29 29 29 29 29 30 30 30 30 31 31 32 31 31 30 30 29 29 28 28 27 27 26 25 26 26 26 27 28 27 27 26 24 23 22 22 23 22 22 21 21 21 21 20 20 21 21 23 25 26 27 26 25 25 24 22 21 19 18 17 17 17 18 19 18 17 17 16 16 17 18 18 20 22 20 16 17 17 17 17 16 16 16 17
41 39 38 38 35 34 33 32 30 30 29 29 28 28 29 30 31 31 30 30 31 31 31 32 33 31 30 28 27 27 27 26 26 25 25 26 27 27 27 26 27 29 28 25 23 23 23 23 23 22 22 23 23 22 21 20 20 21 23 24 25 27 29 27 25 24 24 24 22 21 20 19 18 18 17 16 16 16 17 16 16 16 16 17 17 17 16 16 16 16 17 17 16 16 16 17
43 41 40 39 36 33 30 30 30 31 30 29 29 29 28 28 29 31 33 34 34 34 33 34 33 31 30 28 27 26 26 26 26 26 26 26 26 27 28 30 31 32 30 27 24 24 25 25 25 26 26 25 25 24 23 22 24 26 27 28 29 30 29 29 28 26 24 23 22 21 21 20 20 20 20 18 16 16 16 16 15 15 15 15 16 16 15 14 15 15 16 16 15 16 17 18
45 44 41 38 36 34 32 32 33 32 31 28 29 30 31 31 32 35 37 37 35 34 34 33 32 30 27 26 26 25 26 27 28 28 28 27 26 28 29 29 30 31 31 30 30 29 28 28 27 28 27 25 24 22 21 22 23 24 25 27 29 30 31 31 29 26 24 23 22 21 20 21 23 23 21 19 17 17 16 16 16 15 15 16 16 16 15 14 14 14 15 15 16 17 18 19
47 47 43 40 39 38 38 37 37 37 38 38 38 38 39 40 41 42 40 36 33 32 31 31 30 28 27 26 26 26 27 28 29 30 30 28 26 26 28 28 30 32 32 32 32 31 28 25 25 26 25 25 24 23 22 22 21 20 21 23 25 28 29 29 27 25 24 24 22 20 20 21 22 21 20 18 17 17 17 16 17 17 16 16 16 15 14 14 14 14 15 16 17 18 19 20
48 45 41 40 40 40 40 39 39 40 39 39 39 38 40 41 43 43 41 38 37 35 32 30 29 28 27 27 27 26 27 28 29 30 31 29 27 26 29 32 34 35 35 34 31 29 26 24 23 23 23 21 21 20 20 21 22 22 22 24 25 25 23 22 22 22 22 21 20 20 20 19 18 16 16 17 18 20 21 19 18 18 17 16 15 15 14 14 15 15 15 17 18 18 19 20
49 46 42 40 40 41 41 40 40 40 38 36 36 37 38 39 40 40 40 39 39 37 34 31 30 29 30 30 29 29 29 29 31 32 32 30 28 27 29 33 34 34 34 31 28 26 24 22 22 21 20 19 19 20 19 20 22 23 25 28 29 27 24 22 21 21 20 19 20 20 19 18 18 17 16 15 16 18 19 19 19 18 17 16 15 15 15 15 14 14 14 15 17 18 19 20
46 46 42 41 41 41 41 41 41 40 39 37 36 36 38 38 39 39 39 39 38 37 35 34 33 32 33 32 31 30 30 30 31 32 33 31 29 28 29 31 33 32 32 29 26 23 22 22 22 21 20 20 20 19 20 20 22 24 26 29 30 27 24 22 21 21 20 20 21 20 19 18 17 17 16 16 16 17 18 19 19 18 17 16 15 15 14 14 14 14 14 15 16 18 19 20
43 43 43 42 42 42 42 41 41 41 39 37 37 38 38 38 38 38 38 38 38 37 36 36 35 36 34 33 32 31 31 31 31 32 32 31 30 30 31 31 30 29 28 26 25 24 23 23 23 21 20 22 22 22 22 21 23 26 28 29 29 26 24 23 23 24 23 22 22 21 20 20 20 19 20 19 19 20 20 19 19 19 18 18 17 15 14 14 14 14 15 15 16 16 15 17
43 43 42 41 40 40 40 40 40 41 40 39 40 40 40 40 39 39 38 38 37 37 36 37 36 35 34 34 32 31 31 32 33 34 33 31 30 30 30 30 30 29 30 29 27 25 24 22 22 22 21 22 22 22 22 22 23 25 26 26 25 24 23 25 27 28 27 25 23 23 22 21 19 18 18 18 19 20 19 18 19 19 18 18 17 17 17 16 14 14 13 14 14 15 15 16
42 41 40 40 39 39 38 39 40 40 40 40 40 40 40 40 40 40 39 38 37 36 36 37 35 34 34 33 33 32 32 33 34 33 32 31 29 28 27 28 28 29 30 29 26 25 25 22 20 20 20 21 21 22 22 23 24 24 24 24 24 24 24 24 24 24 24 22 21 20 20 20 19 18 19 19 20 20 18 18 19 19 18 17 18 18 17 16 15 15 14 13 12 13 14 15
37 36 37 37 38 38 38 37 36 36 37 37 36 37 38 38 38 38 38 37 37 36 35 34 33 33 32 31 31 31 32 32 31 30 30 30 29 28 28 28 28 27 27 25 24 24 23 21 19 18 19 20 20 21 22 23 24 25 26 27 27 27 26 25 23 22 21 20 20 20 19 20 19 18 18 18 18 18 17 18 19 19 18 18 19 18 17 15 15 15 14 14 13 13 14 16
32 33 33 34 35 36 35 34 33 32 33 33 34 34 34 34 35 36 37 37 37 35 34 33 32 32 33 31 30 30 30 29 28 28 28 30 31 32 32 30 28 25 24 23 21 21 21 21 20 20 20 20 20 20 21 22 24 26 27 28 27 27 26 24 23 21 20 20 20 19 18 19 19 18 19 19 19 19 19 19 18 18 18 18 19 19 18 17 15 15 14 14 14 14 14 15
30 30 31 31 33 34 33 31 31 32 32 33 33 32 32 32 32 33 34 35 35 35 34 33 32 33 33 31 30 28 27 26 26 28 29 31 32 32 31 28 26 24 23 23 22 21 21 21 21 21 21 21 21 21 21 21 22 23 23 24 23 22 22 22 22 21 20 19 19 20 19 19 21 21 20 20 20 19 19 17 17 17 17 17 18 18 18 18 18 18 17 15 14 15 16 18
32 32 31 30 31 31 31 31 31 31 33 33 32 31 30 30 30 31 32 32 32 32 31 30 31 32 31 30 28 26 25 25 26 26 27 28 29 29 28 26 24 23 23 23 23 22 22 21 22 22 23 23 23 22 23 21 20 20 20 20 19 19 19 19 20 21 20 19 18 19 19 19 19 19 19 20 19 18 18 17 17 17 18 17 18 18 18 19 19 19 17 15 15 17 19 20
