HoopoePrediction/HoopoePrediction/Resources/sh_dem_8.asc
ncols        1026
nrows        916
xllcorner    10.758472224000
yllcorner    54.058194445000
dx           0.000540394196
dy           0.000520681709
NODATA_value  -9
[rows 472 to 530 of 916, columns 96 to 191 of 1026]
7 7 7 8 7 7 7 8 7 6 6 6 4 4 4 4 5 6 5 5 7 9 11 11 10 9 8 7 7 7 7 6 6 7 6 3 2 3 4 5 7 8 5 4 4 3 1 0 -1 -2 -1 -1 -1 -2 -2 -2 -1 1 4 5 4 3 2 3 2 1 -1 -2 -1 0 1 1 1 0 -1 -1 0 0 0 0 -1 -1 -1 -2 -1 -2 -2 -2 -2 -2 -3 -3 -3 -4 -4 -4
8 8 8 8 8 7 7 8 8 7 6 7 7 7 7 7 7 7 7 7 9 10 10 10 9 8 8 8 8 8 9 8 7 7 6 4 4 6 7 7 7 8 7 5 3 1 1 0 0 0 0 0 0 0 -1 -2 0 3 6 8 8 9 7 6 6 6 5 3 2 3 5 6 6 4 4 5 5 4 2 2 1 0 0 0 -1 -2 -2 0 1 1 0 -1 -2 -3 -3 -3
9 9 9 9 9 8 8 8 8 7 6 7 7 6 5 5 5 6 7 7 8 9 10 10 9 9 8 7 7 7 6 7 7 6 5 6 9 9 8 6 6 7 8 5 3 2 0 0 1 1 1 1 1 0 -1 -2 -1 1 3 5 7 10 10 9 9 8 7 6 5 4 3 3 5 6 6 7 7 7 5 5 5 4 2 1 0 0 0 0 2 2 2 3 2 1 1 0
11 11 11 11 10 9 9 9 8 8 7 7 7 7 6 6 7 7 7 8 9 9 10 10 9 9 9 8 7 6 6 6 6 5 5 6 7 7 5 3 3 3 5 4 4 3 2 1 1 0 0 0 0 -1 -2 -3 -2 -1 0 2 4 7 10 12 10 9 9 7 5 3 1 0 2 3 3 5 7 7 6 6 6 5 4 3 2 1 2 2 1 1 2 3 3 2 3 3
12 11 11 11 10 9 9 9 8 8 8 7 7 7 6 6 7 7 8 9 9 9 10 10 9 8 8 8 7 6 6 6 6 5 5 6 5 4 3 2 2 2 3 3 3 3 2 1 1 1 1 0 0 0 -1 -2 -2 -1 -1 0 2 5 7 8 8 7 7 5 4 2 1 0 1 1 2 4 5 5 5 6 7 6 5 5 3 2 3 5 4 4 3 3 4 3 4 4
10 9 10 10 10 9 9 10 9 8 8 7 7 7 8 8 8 8 8 8 9 8 10 11 10 8 7 6 5 4 4 5 5 5 4 4 2 2 2 1 2 2 1 1 2 1 2 2 2 1 0 0 0 0 0 0 -1 -1 -1 -1 0 2 4 4 5 5 5 5 4 3 2 1 0 0 0 1 1 2 4 6 8 7 6 6 7 5 5 5 5 5 4 5 5 4 5 5
11 12 13 13 12 11 11 11 11 10 10 9 9 8 8 8 8 7 7 8 8 8 8 9 9 8 7 6 5 4 4 4 4 3 3 2 2 2 2 1 1 1 1 1 0 -2 -1 0 1 2 2 1 1 0 2 3 1 0 -1 -2 -1 -1 0 3 5 6 5 5 4 3 3 3 4 3 1 2 2 2 4 6 6 6 6 7 7 6 5 7 8 8 8 7 7 6 5 5
10 10 9 10 11 11 11 11 12 12 12 11 10 10 10 10 11 11 9 8 8 8 8 8 7 7 7 6 5 4 3 3 2 1 1 2 2 2 1 0 0 -1 0 0 -1 -2 -3 -3 -1 1 2 2 2 1 2 3 4 3 1 0 -1 0 0 -1 1 3 4 4 2 1 1 2 3 4 5 4 3 3 3 4 5 6 6 6 7 8 9 10 10 10 11 11 10 9 8 8
8 9 9 7 8 7 7 8 8 7 6 7 8 9 9 9 9 9 8 7 7 7 7 7 7 6 7 6 5 3 2 1 0 -1 -1 0 0 0 0 -1 -3 -3 -2 -2 -2 -2 -2 -2 -2 -3 -1 0 0 2 3 4 4 3 1 0 0 0 -1 -2 -3 -1 2 3 3 3 3 2 2 3 4 4 2 1 2 5 6 5 5 5 6 7 10 11 12 12 12 12 13 13 12 10
8 8 8 7 7 7 7 8 8 8 6 6 7 7 7 7 7 6 6 7 7 6 6 6 6 6 6 5 4 3 2 1 1 1 1 1 1 1 -1 -2 -2 -2 -2 -1 -1 -1 0 -1 -1 -1 -1 0 1 2 3 2 2 2 2 2 1 1 0 0 -1 -2 -2 0 2 3 3 3 3 2 3 5 6 5 5 7 7 4 4 5 6 6 8 9 11 12 13 13 13 14 14 14
8 8 8 8 9 9 7 7 8 8 8 7 7 7 6 6 5 5 5 5 6 7 7 7 6 5 4 5 4 3 3 2 3 3 2 3 3 1 0 -2 -2 -1 -1 0 0 -2 -1 -1 -2 -3 -3 -1 -1 0 1 2 1 0 0 0 1 2 1 1 0 -2 -3 -1 1 1 2 2 2 1 3 5 5 6 6 6 5 3 3 4 5 6 7 9 10 11 13 14 15 14 14 14
9 9 10 10 10 9 7 7 8 9 8 8 9 8 6 6 6 5 4 6 8 9 10 10 8 6 4 3 3 4 3 2 2 3 3 3 2 1 1 -1 -1 -2 -1 0 0 -2 -2 -2 -2 -2 -2 -2 -2 -2 -1 0 0 0 0 1 1 1 2 1 1 -1 -2 -2 -2 0 1 1 1 1 2 3 4 4 4 3 2 3 4 5 4 4 6 8 10 10 11 13 14 15 15 14
7 8 10 9 8 7 7 7 9 9 8 8 9 8 7 7 7 6 5 6 8 10 11 11 9 6 4 3 3 3 3 3 2 3 3 4 3 2 2 1 0 -1 -1 0 0 -1 -2 -2 -2 -1 -1 -2 -2 -3 -3 -2 -1 0 0 0 1 1 1 1 1 0 -1 -2 -2 -1 0 1 2 1 1 2 3 3 3 2 1 2 3 3 3 4 5 7 8 8 10 12 13 14 14 13
7 8 9 9 7 7 8 11 10 10 9 8 8 7 6 6 7 7 7 5 4 5 7 8 8 7 6 5 4 4 4 4 3 2 1 2 3 3 3 2 1 0 -1 -1 0 -1 -1 0 0 0 -1 -2 -2 -3 -2 -2 -2 -2 -1 -1 0 0 1 1 1 1 -1 -2 -2 -2 0 1 2 2 3 3 2 2 2 1 0 0 1 1 2 3 4 6 8 8 9 10 11 12 11 11
7 9 10 10 10 9 8 9 10 10 11 9 8 8 7 7 7 7 6 5 5 6 6 7 8 7 6 6 6 6 5 4 3 3 2 3 4 3 3 3 2 1 1 2 1 0 0 0 -1 -2 -2 -2 -2 -2 -2 -2 -2 -2 -3 -2 -2 -2 -1 0 0 0 0 -1 -1 -1 -2 -2 0 0 0 0 0 -1 0 0 -1 -1 -1 -1 0 1 2 4 5 5 6 7 8 9 9 9
7 7 8 9 10 8 8 10 9 9 9 8 8 7 4 4 6 7 8 8 8 7 7 7 8 7 6 6 7 6 5 4 4 5 5 4 3 2 3 2 3 3 4 3 3 3 2 1 0 -1 -2 -1 -1 0 -1 -2 -2 -2 -1 -1 -2 -2 -2 -2 -2 -1 -1 -1 -1 -1 -2 -2 -3 -3 -3 -2 -3 -4 -2 -1 -1 -2 -3 -3 -1 -1 0 1 2 2 3 5 6 6 7 8
7 7 8 8 9 7 7 8 9 8 8 8 7 5 4 4 5 6 7 7 8 8 8 9 8 9 10 9 9 7 6 5 6 6 6 5 4 4 3 3 5 7 7 7 7 4 3 3 2 0 -1 0 0 0 -1 -1 -2 -2 -2 -1 0 -1 -2 -2 -1 -1 -1 0 -1 -2 -3 -3 -3 -3 -2 -2 -4 -4 -3 -3 -4 -3 -3 -3 -2 -1 -1 -1 -1 0 1 2 3 3 5 6
7 7 7 7 7 7 7 7 6 5 5 7 7 7 7 7 8 9 9 8 9 8 9 10 11 11 10 10 9 8 8 7 6 5 4 5 5 6 6 5 7 9 10 9 8 7 6 5 3 2 0 -2 -2 -1 0 -2 -3 -2 -1 -1 -1 -1 -2 -2 -1 -1 -2 -2 -2 -3 -2 -3 -3 -3 -2 -2 -4 -3 -2 -2 -3 -4 -3 -3 -3 -2 0 0 -2 -2 -2 -1 0 0 1 1
9 8 7 7 7 7 7 8 7 6 6 6 8 9 10 10 11 10 10 10 10 9 9 10 11 12 11 10 10 10 9 8 7 6 6 6 6 8 11 9 9 10 10 10 9 8 6 4 3 1 0 -1 -1 -1 -1 -1 -2 -2 -1 -1 -1 -1 -1 -2 -2 -3 -3 -2 -3 -4 -4 -4 -5 -3 -2 -3 -3 -2 -3 -3 -4 -4 -3 -2 -2 -2 -1 -1 -2 -2 -2 -2 -2 -2 -2 -2
10 10 9 9 10 10 8 6 6 6 7 7 8 11 12 12 12 12 11 11 10 9 9 9 9 10 9 12 15 16 14 11 9 8 7 8 7 7 9 10 10 11 9 8 8 8 6 3 2 2 2 1 1 1 1 0 -1 -2 -2 -1 -1 -2 -2 -3 -2 -2 -3 -2 -2 -3 -3 -2 -3 -4 -4 -3 -3 -2 -3 -1 0 -2 -3 -2 -2 -2 -2 -3 -3 -3 -3 -3 -3 -3 -2 -2
11 11 10 10 9 10 9 7 6 7 7 7 8 11 12 12 13 12 11 11 10 9 8 8 9 9 11 14 17 18 16 13 11 9 8 9 8 8 9 10 11 11 10 9 8 7 6 4 2 2 2 2 2 2 2 1 0 -1 -1 0 0 -1 -2 -2 -2 -2 -3 -3 -2 -2 -2 -2 -1 -2 -3 -4 -4 -2 -1 1 1 0 -2 -2 -2 -2 -2 -3 -2 -2 -2 -1 -2 -3 -3 -3
12 12 12 11 9 9 10 10 9 8 9 9 9 9 10 10 10 9 9 9 10 10 9 9 10 10 10 12 14 15 13 12 12 12 12 11 11 12 12 11 12 12 11 10 9 9 8 6 5 4 4 4 4 3 2 2 1 0 0 0 0 -1 0 0 -1 -1 -2 -3 -3 -2 -2 -2 -2 -1 -2 -3 -4 -3 0 3 2 0 -2 -1 -1 -2 -3 -3 -2 -2 -1 -1 -2 -3 -3 -2
12 11 11 12 12 11 10 11 12 11 10 10 9 9 9 9 8 8 7 7 6 7 8 9 10 11 11 11 10 10 11 10 10 9 10 11 11 12 11 11 11 11 10 10 10 10 10 8 6 5 5 5 5 4 4 4 3 2 1 0 1 0 0 1 1 1 -1 -2 -3 -2 -2 -2 -2 -1 -2 -2 -3 -2 0 2 1 -1 -2 -2 -1 -1 -1 -1 -1 -1 -1 -1 0 -1 -1 0
13 12 11 12 14 13 12 12 12 11 10 9 8 8 8 8 8 7 7 7 7 8 8 9 10 10 10 11 11 10 10 10 9 8 8 10 11 12 11 10 11 11 11 11 10 8 8 6 5 5 6 5 5 5 4 3 3 3 3 3 2 1 1 1 2 2 1 0 -1 -2 -1 -2 -2 -1 -2 -2 -3 -3 -2 0 1 1 1 0 0 1 1 -1 -3 -3 -3 -2 -2 -1 0 -1
13 13 14 14 14 13 12 12 11 10 10 9 10 9 9 9 8 7 6 6 7 8 10 11 11 12 12 11 11 11 12 11 10 9 9 10 10 11 11 12 12 11 11 10 9 7 6 7 7 6 5 5 5 6 6 5 6 9 13 15 14 8 4 3 3 1 0 0 0 -1 -2 -2 -2 -3 -3 -3 -2 -2 -1 0 2 3 3 3 2 3 3 2 0 -1 -2 -2 -3 -3 -3 -2
12 13 14 14 13 13 12 11 11 11 11 10 10 9 9 9 7 6 5 5 6 6 7 9 10 11 11 11 10 10 10 10 10 10 11 11 10 10 10 10 9 9 10 9 9 7 6 6 6 5 4 5 6 8 10 12 15 19 21 22 21 18 12 8 5 4 3 2 2 3 1 0 -2 -2 -2 -1 -1 -1 -1 0 1 2 4 6 5 4 3 2 1 0 -1 -1 -1 -2 -2 -2
8 9 10 11 11 11 12 12 13 13 10 8 7 8 8 8 7 7 7 7 6 5 7 8 9 8 7 7 8 9 10 9 10 11 11 11 10 9 8 8 8 8 7 6 7 6 5 5 5 5 5 7 7 9 13 16 19 22 23 24 23 21 19 16 13 10 8 8 7 6 4 3 2 1 2 2 1 0 0 0 0 1 2 5 6 6 5 3 1 1 0 0 1 1 1 0
6 8 9 9 10 11 12 11 9 7 5 4 6 8 8 8 7 6 7 8 7 6 7 7 8 7 6 6 7 8 8 9 9 10 11 10 10 8 8 8 8 8 8 7 7 6 5 6 6 6 6 8 9 11 14 16 18 19 21 22 21 18 14 13 13 10 9 8 8 8 8 8 7 6 5 3 1 2 2 1 0 0 2 3 5 4 3 3 3 2 2 3 4 3 2 2
6 8 9 9 10 11 12 11 9 7 5 4 6 8 8 8 7 6 7 8 7 6 7 7 8 7 6 6 7 8 8 9 9 10 11 10 10 8 8 8 8 8 8 7 7 6 5 6 6 6 6 8 9 11 14 16 18 19 21 22 21 18 14 13 13 10 9 8 8 8 8 8 7 6 5 3 1 2 2 1 0 0 2 3 5 4 3 3 3 2 2 3 4 3 2 2
6 6 7 8 10 11 10 8 6 6 5 4 6 7 8 8 7 6 6 6 7 7 7 8 8 9 8 7 7 6 5 7 9 10 10 10 9 9 8 8 9 10 10 9 8 7 6 6 7 7 7 7 7 10 14 16 17 20 21 22 21 19 18 17 16 12 10 9 9 9 7 6 6 7 8 7 5 5 5 4 3 2 1 2 2 2 3 4 4 4 4 5 5 5 5 4
7 7 7 9 10 8 6 6 7 8 7 6 6 7 7 7 7 6 5 5 7 8 9 9 8 8 8 8 8 7 6 6 7 6 7 8 8 8 8 9 10 11 10 10 9 9 8 8 8 8 8 8 8 10 14 18 20 21 21 22 21 21 22 22 19 15 12 10 9 9 8 7 6 7 8 8 8 7 7 7 6 5 4 3 2 2 2 3 3 3 5 6 7 6 6 5
6 7 8 9 8 8 7 5 6 7 7 7 8 7 8 8 8 8 7 7 8 8 9 8 8 8 9 8 7 7 7 7 6 6 6 8 9 9 9 9 9 10 10 9 10 9 9 9 9 9 10 9 9 11 16 18 18 20 21 21 20 19 20 20 17 15 12 11 10 9 8 7 6 7 7 9 9 9 8 6 4 4 5 5 5 5 4 4 4 4 5 6 6 7 7 6
6 7 8 9 9 9 8 6 6 8 7 5 7 9 9 9 9 9 8 7 8 8 9 8 9 10 10 8 7 6 6 7 8 9 9 10 10 10 9 9 9 9 8 8 8 9 9 9 9 9 9 10 10 11 14 15 16 17 18 16 15 14 17 20 19 16 14 16 16 14 11 9 8 7 8 9 10 9 9 8 7 6 6 6 6 6 6 6 5 5 6 4 3 4 4 3
8 7 7 8 8 8 9 8 9 10 9 8 8 8 9 9 9 9 9 9 10 10 9 8 8 9 9 9 8 8 9 10 12 13 14 15 16 14 13 13 13 13 12 10 9 9 9 9 9 9 9 9 9 10 11 10 10 10 11 12 12 12 13 15 18 19 20 22 23 21 19 18 14 9 8 9 9 8 7 8 8 7 6 6 6 5 7 6 5 5 5 4 4 3 2 2
8 8 8 8 8 10 12 13 14 13 12 11 10 9 10 10 10 11 11 11 11 11 10 9 10 11 12 11 11 12 12 14 15 17 18 18 18 17 16 17 16 16 16 15 13 12 12 12 10 9 9 9 9 9 9 9 9 10 12 13 13 13 13 13 13 12 15 19 21 20 20 21 23 19 11 9 9 8 6 5 6 6 7 7 6 6 5 4 4 4 5 5 5 4 3 4
8 9 10 9 10 10 12 14 15 15 13 13 13 12 11 11 11 11 11 11 11 11 11 10 12 14 15 16 17 17 18 19 20 20 19 18 18 17 17 18 18 18 18 15 14 13 12 12 10 9 9 9 9 8 9 10 11 11 12 12 12 12 12 11 12 13 17 23 24 21 20 20 20 19 13 9 8 7 6 6 6 6 7 6 5 4 5 5 6 6 7 7 6 5 5 5
8 9 10 10 11 11 11 14 15 15 14 14 14 13 11 11 10 11 10 10 11 11 11 11 13 15 17 18 18 18 19 20 21 20 19 19 18 18 18 18 19 18 17 15 13 12 12 11 10 8 8 8 8 8 9 10 11 12 13 13 13 13 12 11 12 14 18 24 25 23 21 21 21 20 15 9 8 6 6 6 7 7 7 7 5 4 4 5 5 6 7 8 6 5 5 4
13 12 10 9 9 11 12 14 15 16 15 14 14 14 12 12 11 10 9 9 8 7 8 10 13 16 18 19 19 19 20 20 20 20 20 20 19 18 18 19 20 19 16 14 14 13 11 10 9 9 9 8 8 8 9 10 11 12 13 13 13 13 14 13 13 14 17 20 22 22 20 19 21 20 15 10 10 9 7 7 8 8 7 6 5 5 5 4 4 4 5 6 6 6 4 3
15 15 14 13 13 12 11 11 13 14 14 14 13 13 13 13 12 11 10 10 9 8 9 11 13 15 17 18 20 21 21 21 21 20 19 19 18 17 16 16 16 17 16 14 13 12 11 10 9 9 10 9 9 9 10 9 9 11 12 12 13 14 14 13 13 12 12 14 16 19 20 20 20 19 18 13 10 9 8 8 8 10 10 8 6 6 6 5 5 5 5 5 4 4 4 3
19 19 19 19 17 15 14 13 14 15 15 15 15 15 14 14 13 12 11 10 9 9 11 12 14 16 18 19 20 21 22 21 20 19 19 19 19 18 16 13 13 13 13 14 13 11 10 10 9 9 10 11 11 11 11 12 12 12 11 11 12 12 12 11 11 11 11 12 16 21 23 23 22 21 23 22 18 17 17 16 14 16 17 12 9 9 8 9 8 8 6 4 2 2 2 3
22 24 26 23 20 17 16 16 17 17 17 16 17 17 17 16 15 14 14 12 10 10 11 11 13 15 16 18 20 21 21 20 19 19 19 19 20 19 16 13 12 12 13 13 12 11 9 10 13 17 21 24 24 26 28 29 27 24 21 16 12 11 11 11 11 10 10 14 18 20 20 19 21 22 22 23 22 21 21 20 18 17 15 14 14 13 13 12 10 9 7 5 4 4 3 3
23 25 26 25 23 22 20 20 21 21 20 19 19 20 20 20 19 18 17 15 14 13 12 12 11 12 14 15 17 19 19 20 21 20 19 20 20 19 18 15 12 12 12 12 12 12 12 11 12 16 21 26 27 29 30 29 26 24 23 21 17 15 14 14 14 14 13 16 18 18 16 15 16 19 20 21 21 20 21 22 20 17 16 16 15 15 16 18 16 13 8 7 6 5 4 4
25 26 27 26 25 25 25 25 24 24 23 22 21 22 22 21 20 20 19 19 18 16 15 14 13 11 11 13 16 18 20 21 22 22 21 21 20 19 18 15 13 12 12 12 11 11 11 11 12 12 18 25 26 28 29 28 26 24 22 20 19 18 18 17 16 15 15 16 16 14 13 13 14 16 19 21 21 20 19 19 18 14 12 13 14 16 17 16 14 12 9 8 7 6 5 5
27 29 29 28 27 27 25 25 24 23 23 23 22 22 21 20 19 19 19 20 21 20 19 17 16 14 13 13 14 16 18 20 21 21 20 20 20 20 19 16 14 12 12 13 12 10 11 12 13 14 18 24 25 26 27 27 27 26 23 19 16 16 17 18 18 17 16 17 17 15 14 13 15 16 17 16 15 15 15 16 15 11 9 10 10 12 15 14 12 11 9 8 7 6 6 5
28 29 30 30 29 28 26 25 24 23 23 23 23 22 21 21 20 20 19 20 20 20 20 19 17 14 13 14 14 16 18 20 21 22 21 20 20 20 19 17 14 13 12 14 14 11 12 12 13 17 22 27 27 26 24 23 23 24 22 19 17 17 19 20 19 18 19 19 18 16 15 15 16 18 17 16 14 14 14 15 15 11 10 9 9 9 11 12 11 10 9 8 7 7 6 5
32 33 33 32 29 27 26 26 26 25 26 25 24 23 21 21 21 21 20 19 18 19 19 19 18 16 15 15 16 16 18 19 20 21 22 22 22 22 21 18 17 15 14 14 14 14 14 13 13 16 21 25 25 22 17 15 14 15 17 19 20 21 21 19 18 19 20 19 18 18 18 18 17 18 19 19 18 18 19 16 12 10 9 8 8 8 8 7 8 8 9 9 8 8 8 7
31 32 33 32 30 28 27 27 26 27 28 26 24 23 22 22 20 19 19 18 18 17 17 18 18 18 17 17 18 18 17 17 19 20 21 21 22 21 20 19 19 19 18 16 14 14 15 14 15 19 21 22 21 16 11 10 10 10 13 18 22 24 24 21 18 16 18 20 21 20 19 19 19 20 20 19 21 21 19 14 12 11 9 8 7 6 6 6 6 6 7 7 7 8 8 8
32 32 31 30 30 29 29 28 27 29 28 26 25 23 22 22 21 19 18 17 18 18 18 18 18 18 17 19 20 19 18 18 18 18 19 21 21 21 21 20 20 20 19 18 17 17 16 16 18 19 17 15 15 13 11 10 10 10 11 13 16 18 19 18 17 17 20 21 20 19 18 18 19 20 20 21 23 21 17 14 13 12 11 10 9 7 7 6 6 6 7 6 6 7 8 7
31 31 31 29 29 29 29 28 27 26 26 27 26 24 24 24 24 22 20 19 18 18 19 19 19 18 18 19 19 19 18 18 19 18 18 18 19 19 19 17 17 19 19 18 16 16 15 16 16 15 16 16 16 15 14 13 12 12 11 13 16 18 17 14 13 13 16 18 19 19 21 22 21 19 19 18 18 18 15 11 11 11 10 10 10 10 9 9 8 8 9 9 8 8 8 8
28 27 27 26 27 28 29 29 28 27 27 28 28 26 24 24 24 22 20 19 19 19 19 18 17 18 19 20 19 20 19 18 18 17 16 16 17 16 15 16 17 17 17 17 16 15 15 14 14 14 14 14 14 14 15 14 14 13 12 11 12 14 15 12 11 10 11 14 20 24 26 25 18 14 15 13 13 14 11 10 9 10 10 9 9 8 7 7 8 8 8 9 9 10 9 8
28 26 26 26 25 27 31 32 29 27 26 26 26 25 24 24 23 22 21 20 20 20 18 17 17 18 19 19 19 19 18 17 17 17 18 17 15 13 13 14 14 14 15 16 15 14 13 13 13 13 12 12 12 12 13 13 12 12 13 13 12 13 12 10 10 10 9 9 13 17 19 19 17 15 13 11 12 13 12 10 9 10 10 8 8 7 6 6 6 6 6 6 7 8 8 7
30 28 26 25 25 26 28 29 28 27 27 27 27 25 23 23 23 23 23 22 21 20 19 19 18 19 18 17 17 18 18 17 17 18 17 16 16 15 14 14 14 15 15 15 14 13 13 13 13 13 12 12 12 12 13 14 13 12 13 12 12 13 11 10 10 10 11 11 11 12 12 11 10 10 10 9 10 12 12 11 10 10 10 8 7 8 8 8 7 7 7 6 7 7 6 5
30 28 27 25 25 25 27 28 28 27 28 28 26 24 23 23 24 24 24 23 21 20 20 20 19 20 19 18 17 17 17 17 18 18 17 16 17 16 14 13 14 15 15 14 13 12 12 12 12 12 11 11 11 12 12 13 13 12 12 12 12 13 11 10 11 12 11 11 10 10 10 10 8 8 9 9 9 11 12 10 8 8 8 8 6 7 7 7 7 7 6 6 6 7 5 4
30 29 28 28 27 26 26 28 29 29 28 28 28 26 25 25 25 26 26 25 23 21 20 20 21 21 22 21 20 19 19 18 18 18 18 18 17 17 16 15 14 13 13 13 13 13 13 13 13 13 13 13 13 13 12 12 13 12 12 11 10 10 10 11 11 11 11 11 10 10 10 9 8 7 7 7 8 8 8 7 6 6 6 6 5 5 6 6 5 5 4 4 5 5 4 4
29 29 29 29 28 27 27 29 30 31 31 32 30 29 27 27 27 25 24 23 22 22 21 21 22 22 22 21 21 20 20 19 18 17 16 16 16 15 15 15 14 15 14 13 14 14 15 15 15 15 15 15 15 13 12 11 12 12 11 10 11 11 11 10 11 11 11 12 11 10 10 10 10 10 9 9 8 8 7 6 6 6 5 4 5 5 5 5 5 5 4 4 5 5 4 3
28 28 27 27 28 28 29 30 31 31 32 33 32 30 29 29 28 27 27 27 25 24 23 22 21 21 22 22 22 21 20 19 19 18 17 17 16 14 14 15 15 15 15 15 16 16 17 17 17 18 17 16 16 14 13 13 13 12 12 11 11 10 10 10 10 10 10 10 10 10 10 9 9 9 10 9 8 7 8 8 7 7 6 4 4 4 4 4 4 4 4 4 4 5 5 5
28 28 29 28 28 29 28 29 31 34 35 35 33 32 32 32 32 32 32 32 30 28 25 23 22 22 23 24 23 22 20 19 19 19 18 19 17 15 15 15 14 13 14 14 15 16 17 17 18 18 17 17 17 15 14 14 14 13 13 12 12 12 12 11 10 9 9 9 10 11 10 9 9 8 8 8 8 9 9 9 8 7 7 7 5 4 5 4 4 4 5 4 4 5 5 6
29 30 30 30 29 30 30 30 33 36 37 38 37 36 35 35 35 35 36 37 35 32 29 26 25 24 24 25 24 24 23 22 22 20 19 17 16 16 16 15 14 14 14 14 14 15 15 16 18 18 17 17 17 16 15 14 15 15 13 12 14 15 13 11 10 10 10 10 10 10 9 9 8 8 8 9 9 9 9 9 8 7 6 6 6 6 6 6 5 5 5 6 5 6 6 6
32 31 31 31 30 30 30 31 32 33 34 35 36 37 37 37 37 37 38 37 35 34 33 33 32 29 27 26 25 24 24 24 23 21 19 17 19 18 16 15 15 15 15 15 15 15 16 17 17 17 17 17 17 17 17 17 17 16 15 15 16 14 13 13 12 11 11 10 10 10 10 9 8 8 8 9 9 9 8 8 7 7 7 7 6 7 8 7 6 6 6 6 5 6 6 6
