HoopoePrediction/HoopoePrediction/Resources/Deprecated/sh_dem/dem_2.asc
ncols        148
nrows        83
xllcorner    9.294027778000
yllcorner    54.457916668000
dx           0.005024399405
dy           0.005043507361
[rows 0 to 57 of 83, columns 0 to 95 of 148]
0.0 0 0 0 0 0 0 0 0 0 0 0 0 0 0 0 0 0 0 0 0 0 0 0 0 0 0 0 0 0 0 0 0 0 0 0 0 0 0 0 0 0 0 0 0 0 0 0 0 0 0 0 0 0 0 0 0 0 0 5 18 12 15 0 0 0 0 0 0 0 0 0 0 0 0 0 0 0 0 0 0 0 0 0 0 0 0 0 0 0 0 0 0 0 0 0
0 0 0 0 0 0 0 0 0 0 0 0 0 0 0 0 0 0 0 0 0 0 0 0 0 0 0 0 0 0 0 0 0 0 0 0 0 0 0 0 0 0 0 0 0 0 0 0 0 0 0 0 0 0 0 0 0 0 -2 -3 5 0 0 0 0 0 0 0 0 0 0 0 0 0 0 0 0 0 0 0 0 0 0 0 0 0 0 0 0 0 0 0 0 0 0 0
0 0 0 0 0 0 0 0 0 0 0 0 0 0 0 0 0 0 0 0 0 0 0 0 0 0 0 0 0 0 0 0 0 0 0 0 0 0 0 0 0 0 0 0 0 0 0 0 0 0 0 0 0 0 0 0 0 1 1 -1 0 0 0 0 0 0 0 0 0 0 0 0 0 0 0 0 0 0 0 0 0 0 0 0 0 0 0 0 0 0 0 0 0 0 0 0
0 0 0 0 0 0 0 0 0 0 0 0 0 0 0 0 0 0 0 0 0 0 0 0 0 0 0 0 0 0 0 0 0 0 0 0 0 0 0 0 0 0 0 0 0 0 0 0 0 0 0 0 0 0 0 0 -3 -6 -3 0 0 0 0 0 0 0 0 0 0 0 0 0 0 0 0 0 0 0 0 0 0 0 0 0 0 0 0 0 0 0 0 0 0 0 0 0
0 0 0 0 0 0 0 0 0 0 0 0 0 0 0 0 0 0 0 0 0 0 0 0 0 0 0 0 0 0 0 0 0 0 0 0 0 0 0 0 0 0 0 0 0 0 0 0 0 0 0 0 0 1 0 10 -2 -2 1 0 0 0 0 0 0 0 0 0 0 0 0 0 0 0 0 0 0 0 0 0 0 0 0 0 0 0 0 0 0 0 0 0 0 0 0 0
0 0 0 0 0 0 0 0 0 0 0 0 0 0 0 0 0 0 0 0 0 0 0 0 0 0 0 0 0 0 0 0 0 0 0 0 0 0 0 0 0 0 0 0 0 0 0 0 0 0 3 1 5 17 16 15 2 2 5 0 0 0 0 0 0 0 0 0 0 0 0 0 0 0 0 0 0 0 0 0 0 0 0 0 0 0 0 0 0 0 0 0 0 0 0 0
0 0 0 0 0 0 0 0 0 0 0 0 0 0 0 0 0 0 0 0 0 0 0 0 0 0 0 0 0 0 0 0 0 0 0 0 0 0 0 0 0 0 0 0 0 0 0 0 2 3 15 23 35 33 27 11 27 11 26 0 0 0 0 0 0 0 0 0 0 0 0 0 0 0 0 0 0 0 0 0 0 0 0 0 0 0 0 0 0 0 0 0 0 0 0 0
0 0 0 0 0 0 0 0 0 0 0 0 0 0 0 0 0 0 0 0 0 0 0 0 0 0 0 0 0 0 0 0 0 0 0 0 0 0 0 0 0 0 0 0 0 -2 9 15 13 24 15 26 31 31 36 28 21 15 18 34 0 0 0 0 0 0 0 0 0 0 0 0 0 0 0 0 0 0 0 0 0 0 0 0 0 0 0 0 0 0 0 0 0 0 0 0
0 0 0 0 0 0 0 0 0 0 0 0 0 0 0 0 0 7 33 52 47 52 41 42 0 0 0 0 0 0 0 0 0 0 0 0 0 0 0 0 0 0 0 31 33 1 3 20 9 7 18 13 36 37 35 34 33 16 14 16 22 0 0 0 0 0 0 0 0 0 0 0 0 0 0 0 0 0 0 0 0 0 0 0 0 0 0 0 0 0 0 0 0 0 0 0
0 0 0 0 0 0 0 0 0 0 0 0 0 0 0 0 0 26 35 55 55 62 52 45 7 0 0 0 0 0 0 0 0 0 0 0 0 0 0 0 0 0 22 15 23 17 17 0 10 7 17 16 20 14 18 14 24 14 4 9 5 9 14 2 13 0 0 0 0 0 0 0 0 0 0 0 0 0 0 0 0 0 0 0 0 0 0 0 0 0 0 0 0 0 0 0
0 0 0 0 0 0 0 0 0 0 0 0 0 0 0 0 0 11 39 48 48 57 56 44 29 0 0 0 0 0 0 0 0 0 0 0 0 0 0 0 0 15 12 8 24 9 15 9 12 17 17 14 10 18 13 17 20 18 13 25 25 27 26 24 19 15 11 35 44 25 0 0 0 0 0 0 0 0 0 0 0 0 0 0 0 0 0 0 0 0 0 0 0 0 0 0
0 0 0 0 0 0 0 0 0 0 0 0 0 0 0 24 29 42 43 48 47 50 54 46 39 37 0 0 0 0 0 0 0 0 40 42 38 40 33 28 27 27 35 29 13 14 6 9 19 20 32 27 26 20 16 15 17 21 29 30 18 20 29 29 31 15 29 25 18 19 19 24 10 10 21 23 0 0 0 0 0 0 0 0 0 0 0 0 0 0 0 0 0 0 0 0
0 0 0 0 0 0 0 0 0 0 0 0 0 42 45 47 51 47 48 48 47 51 50 31 31 35 20 0 0 0 0 0 0 30 31 45 48 46 50 44 44 51 46 42 37 28 30 12 17 23 26 28 27 28 27 37 34 35 38 38 31 30 32 34 36 38 38 34 29 30 24 16 1 3 30 30 32 30 28 23 0 0 0 0 0 0 0 0 0 0 0 0 0 0 0 0
0 0 0 0 0 0 0 0 0 0 0 36 42 40 46 43 46 48 49 50 42 41 38 43 49 21 17 5 0 0 0 0 18 25 29 38 47 50 56 47 48 48 44 42 42 43 45 43 42 45 40 38 39 36 34 40 41 40 42 43 38 33 35 38 37 36 35 35 28 25 21 19 5 23 22 23 29 23 18 28 32 30 19 0 0 0 0 0 0 0 0 0 0 0 0 0
28 28 32 33 34 32 36 36 0 0 35 38 37 39 39 44 47 49 51 48 52 51 51 52 48 22 2 0 0 0 36 37 40 41 42 27 40 55 51 53 53 48 53 51 43 42 47 45 38 37 36 34 28 43 44 48 44 44 43 41 40 41 37 37 36 35 33 30 21 17 19 17 12 17 9 25 29 25 17 27 34 37 38 38 28 14 9 18 15 0 0 0 0 0 0 0
30 29 32 30 32 31 34 32 34 32 36 35 41 40 41 41 43 47 46 51 53 55 61 40 23 7 2 0 0 29 42 46 44 48 48 43 45 48 47 47 47 59 54 51 51 49 42 40 32 29 31 25 23 23 31 40 43 50 53 47 45 41 39 38 38 36 31 30 29 27 16 7 11 26 29 24 19 9 16 40 34 38 38 41 46 35 19 27 23 25 24 9 12 6 0 0
28 30 31 31 31 33 35 31 30 35 37 37 37 40 42 41 40 43 45 55 59 64 72 55 52 39 34 7 0 19 22 27 38 41 40 44 45 44 51 49 46 52 57 62 56 52 50 45 31 31 26 31 36 40 58 58 43 44 48 46 39 37 37 38 39 40 35 34 29 24 25 23 15 29 24 18 8 9 13 19 25 22 21 38 41 29 16 18 16 10 8 8 -1 -1 -2 -3
29 30 31 42 35 35 30 30 35 28 40 40 36 38 39 39 38 56 60 59 59 51 49 49 49 46 42 10 5 34 37 39 39 36 35 38 45 44 48 43 44 46 47 47 49 51 51 46 42 42 40 34 39 51 54 54 48 46 48 51 38 38 39 37 49 54 40 36 33 33 26 29 28 25 12 16 18 19 27 29 37 36 31 19 19 18 22 22 17 18 16 22 16 5 5 4
28 27 29 27 27 29 30 31 32 33 40 37 35 34 37 38 40 50 49 52 40 47 45 47 49 54 50 41 7 13 35 39 41 39 42 39 40 40 42 44 50 50 50 61 52 48 49 55 49 44 38 35 39 42 48 47 47 46 49 46 44 38 40 41 45 45 40 40 37 36 40 31 31 21 13 23 25 30 28 26 32 28 38 38 34 33 29 31 29 28 23 26 19 10 1 -2
27 29 30 30 30 32 33 33 31 33 34 35 39 35 37 38 39 39 39 41 38 42 40 36 42 42 29 25 11 10 38 42 46 43 36 39 42 42 45 46 58 63 54 51 52 55 48 51 55 50 35 33 34 36 42 36 46 46 45 46 45 42 40 40 47 52 45 43 44 43 47 36 35 19 19 29 27 30 30 34 35 35 33 34 31 38 39 36 32 30 31 26 22 22 13 6
27 27 27 29 30 32 32 30 32 34 41 39 47 45 43 37 38 36 36 40 38 39 38 38 30 21 37 39 34 19 40 44 41 43 43 41 42 41 40 42 45 46 45 53 58 55 56 50 46 47 45 44 43 40 37 39 42 42 48 49 47 42 37 42 49 45 46 52 54 51 42 44 30 27 25 37 39 39 36 35 37 36 33 33 33 35 38 35 37 35 36 37 29 28 26 16
28 27 29 30 31 30 34 34 41 46 48 47 42 40 39 38 38 38 35 39 37 35 40 37 32 28 38 34 37 36 38 35 38 44 40 39 42 41 41 44 48 47 46 48 52 54 51 42 41 41 39 40 44 43 47 49 52 47 50 47 46 44 40 44 51 50 50 56 55 50 43 40 43 40 39 36 40 42 43 39 39 37 39 40 40 45 44 46 40 49 32 31 32 27 27 23
27 27 27 28 31 35 37 42 50 53 51 45 46 42 43 39 40 42 37 46 38 37 34 39 35 26 29 32 37 35 37 39 39 42 41 40 46 51 50 48 48 52 57 59 62 69 53 45 41 39 44 49 48 47 47 43 50 46 38 39 53 63 45 47 53 55 57 57 58 51 44 38 35 36 36 38 39 45 46 41 42 40 38 40 50 64 57 52 43 45 44 32 30 31 23 21
26 27 27 28 29 34 39 42 51 51 50 46 47 58 47 38 42 37 43 40 39 42 37 39 37 36 31 37 42 42 40 36 37 45 44 47 48 47 52 52 57 64 63 66 68 60 57 41 39 44 42 43 43 41 43 45 46 37 40 44 41 37 38 37 41 46 45 52 53 50 40 33 41 40 39 41 40 44 45 47 47 51 44 42 43 47 49 43 37 36 47 38 34 34 29 24
27 27 28 29 29 29 31 53 53 52 57 56 67 68 56 44 47 39 39 41 39 42 38 33 34 33 33 45 50 55 47 42 44 46 48 49 46 44 52 58 70 79 71 65 72 69 63 46 37 43 45 42 42 39 39 41 46 44 42 45 39 38 43 37 44 43 39 43 46 43 41 46 49 45 45 42 42 43 48 50 46 51 50 50 55 50 45 39 36 33 38 43 40 37 29 28
25 27 28 28 29 29 31 38 52 55 60 60 54 48 48 49 42 38 39 41 36 40 36 35 36 33 33 32 50 53 45 44 45 44 43 44 44 50 66 59 75 80 64 61 62 59 59 49 38 38 43 38 40 39 36 42 44 41 38 36 46 35 37 50 38 36 38 37 38 39 45 42 43 43 41 40 39 41 61 46 51 51 46 44 44 43 40 39 35 46 49 36 35 37 32 23
26 28 28 29 28 31 31 31 39 47 45 43 41 48 49 44 51 42 40 39 41 35 32 37 40 36 31 33 42 41 42 42 47 46 48 44 42 44 53 57 67 69 69 68 65 54 46 39 35 36 41 42 35 35 38 44 45 43 36 37 36 47 41 36 34 36 33 34 41 41 39 40 42 44 44 42 44 52 59 51 49 49 62 48 49 44 40 35 30 32 28 29 33 33 27 25
27 28 27 28 37 44 43 30 38 34 34 31 32 35 34 34 37 34 39 36 32 36 34 36 39 38 39 42 43 42 37 41 43 47 45 49 53 56 60 59 54 62 61 53 51 45 38 35 39 38 37 36 36 39 39 37 37 36 36 35 40 44 35 41 41 40 39 43 41 42 41 42 43 46 48 51 57 51 47 45 48 48 48 47 45 40 29 34 29 23 24 20 30 18 19 15
27 30 28 29 29 33 30 30 33 32 30 32 31 32 32 33 31 32 32 33 33 31 31 34 32 33 32 36 38 43 33 34 39 44 48 55 60 58 47 47 43 47 50 41 43 35 36 33 34 34 38 39 40 37 41 40 36 34 36 38 38 38 57 45 42 41 39 41 39 44 48 48 50 48 53 55 45 40 39 41 58 49 48 51 44 35 18 19 27 31 22 16 19 21 24 15
25 25 26 27 28 28 31 31 31 31 31 34 33 34 31 30 31 31 34 34 31 33 32 31 32 30 31 34 35 30 35 36 40 47 45 49 49 48 45 44 38 34 36 36 37 36 35 36 40 40 41 41 45 45 43 37 41 45 47 42 40 34 38 35 33 36 40 42 39 44 46 53 55 60 55 47 47 48 46 40 42 51 51 52 37 25 20 33 43 37 35 32 31 38 32 28
25 26 26 28 27 28 29 29 29 31 29 31 30 33 31 30 30 32 33 34 33 31 33 34 32 32 32 34 26 29 38 37 43 47 58 41 39 36 37 37 37 34 34 38 39 37 39 40 40 41 47 44 42 46 49 41 41 42 40 39 34 35 32 32 31 36 39 41 46 48 42 39 51 53 49 50 48 48 40 46 52 54 54 54 32 26 34 36 38 39 40 35 45 35 39 38
26 26 26 27 28 29 29 30 30 28 28 32 30 29 34 31 30 31 31 33 33 32 32 32 35 34 34 31 40 53 43 47 52 48 51 41 37 34 35 35 33 34 38 30 28 34 36 42 37 39 40 38 40 38 37 34 36 33 31 32 32 45 31 30 32 34 36 39 40 31 31 39 40 39 43 45 41 42 39 35 45 53 39 34 31 34 45 44 38 40 42 41 36 38 35 43
24 24 26 26 26 27 28 28 28 30 29 30 31 30 30 31 31 29 30 32 32 30 29 28 26 28 25 25 35 44 62 38 44 45 39 38 31 34 33 28 30 28 34 30 34 32 33 34 32 32 32 34 42 35 30 32 29 45 37 27 32 46 26 27 27 31 31 34 31 33 30 29 31 37 37 29 32 33 37 37 33 32 50 53 51 46 47 50 46 48 46 47 48 46 38 40
27 34 24 27 26 28 28 29 28 29 29 29 30 29 28 29 29 28 31 30 30 30 29 33 29 28 33 32 33 27 31 39 40 37 34 33 32 31 30 31 29 32 35 28 30 28 35 33 33 28 28 28 29 28 27 27 26 27 26 33 36 37 45 50 32 30 37 32 35 31 32 28 32 33 35 36 35 36 38 40 44 43 46 62 51 46 61 56 55 50 55 50 52 66 38 38
22 24 26 25 25 24 26 26 27 28 26 28 29 26 27 27 29 28 27 31 31 34 29 27 27 29 30 28 29 28 28 30 31 28 28 27 25 23 24 25 25 24 30 33 37 38 36 38 38 34 29 26 30 33 34 32 43 29 32 28 32 34 34 33 36 35 32 43 32 30 34 34 33 38 35 34 36 36 41 44 42 53 47 47 46 48 47 54 52 52 56 54 54 54 46 41
0 22 23 24 27 26 27 27 29 25 27 22 25 26 26 28 29 28 28 29 28 28 29 29 30 30 32 26 31 30 36 38 30 28 23 24 25 29 35 32 31 34 35 33 42 38 35 34 37 37 39 39 47 51 33 29 32 28 30 33 29 31 34 32 31 31 33 32 28 30 36 35 32 36 34 36 34 36 42 46 63 42 40 40 40 45 46 58 61 59 57 60 61 64 66 50
0 23 22 24 23 25 25 25 28 28 25 37 26 29 28 28 28 27 28 31 28 29 28 28 27 30 27 28 38 33 49 46 32 31 39 35 36 40 37 31 33 33 35 36 37 41 39 35 36 48 47 55 42 42 38 37 28 28 31 34 40 41 35 31 30 28 30 28 28 27 27 28 29 28 30 33 32 33 44 43 38 45 34 34 40 47 54 58 59 64 63 57 56 55 53 55
0 22 23 24 24 23 26 27 25 24 24 35 26 27 27 27 26 27 29 28 27 30 27 26 26 25 22 27 25 21 19 26 37 38 36 38 36 37 37 34 33 32 32 36 35 37 38 38 37 40 42 55 55 54 37 33 33 36 33 32 32 35 35 36 38 32 28 29 32 29 30 31 31 32 32 35 32 31 38 36 37 40 43 36 38 49 57 62 59 59 57 57 63 61 53 50
0 20 23 23 22 22 25 21 22 23 24 23 25 25 24 25 26 26 29 27 27 26 24 25 25 28 19 25 21 29 24 49 51 58 42 47 40 37 37 35 31 33 31 34 33 33 34 36 38 39 42 45 40 36 32 38 46 44 41 37 35 34 38 41 38 34 34 36 41 44 40 33 51 39 37 39 39 46 46 52 51 48 44 37 40 51 54 56 54 51 54 55 51 44 38 41
0 21 23 23 22 24 21 21 23 22 21 23 23 23 26 25 26 25 25 25 27 26 27 27 27 26 26 26 24 20 24 25 34 43 46 38 37 34 33 28 29 28 30 29 29 30 30 31 28 30 32 37 38 38 41 35 35 35 38 41 41 43 40 41 44 41 38 35 32 37 41 39 36 55 35 36 37 47 55 52 46 45 37 40 42 40 43 41 46 58 66 46 40 36 39 34
0 20 22 19 21 21 21 20 20 21 21 21 23 24 25 26 25 24 25 25 24 28 26 28 26 27 37 37 34 33 31 31 33 25 29 29 33 37 30 29 27 26 26 25 29 26 29 27 27 32 31 35 36 37 36 35 36 34 34 37 38 41 43 40 39 39 33 32 33 34 39 37 42 50 35 34 37 38 39 33 37 32 30 31 32 31 32 32 34 40 36 38 34 31 30 28
0 20 19 19 19 20 18 17 19 21 21 21 22 23 23 23 24 25 27 24 25 27 27 18 34 35 37 37 56 41 34 34 37 34 29 32 33 31 30 27 27 27 27 25 29 27 30 25 31 29 24 27 26 32 40 43 39 33 38 34 33 40 39 51 53 45 32 32 37 39 46 42 44 44 37 51 39 40 37 39 33 28 25 28 28 26 25 24 29 31 32 26 27 32 36 35
0 18 16 17 18 17 17 17 20 21 20 22 22 21 22 23 23 24 24 25 22 23 23 29 33 41 48 52 54 56 56 56 40 39 41 38 33 33 30 30 28 26 27 28 28 31 30 24 24 26 28 32 38 40 43 46 40 35 39 36 39 48 47 47 39 30 37 37 37 42 44 44 45 41 44 38 41 38 36 38 30 30 25 28 25 23 25 24 25 20 17 23 25 31 31 34
0 16 16 17 15 16 26 27 33 23 19 21 20 21 23 23 21 22 23 24 21 23 23 26 25 31 34 41 49 54 49 49 34 35 35 34 34 36 40 39 33 37 32 26 27 30 34 32 30 32 33 37 40 44 46 46 48 49 60 49 49 47 52 32 31 33 33 37 37 39 34 35 31 38 33 34 34 43 36 31 28 25 25 21 21 18 19 20 20 24 22 28 29 26 30 25
0 18 15 15 15 18 22 27 30 26 21 20 20 21 20 20 22 21 21 23 21 14 24 21 22 24 28 37 42 40 36 54 43 38 40 44 36 35 37 34 32 32 30 25 30 36 36 33 34 33 35 36 36 37 39 42 42 39 42 34 35 31 33 28 29 37 33 33 33 30 29 28 28 37 28 31 32 36 41 37 33 33 27 25 26 25 17 22 24 18 18 21 32 15 17 22
0 18 18 16 14 14 17 17 18 19 19 19 20 19 19 20 20 20 21 22 20 14 19 21 21 21 24 24 25 26 28 30 27 32 38 40 36 33 36 29 35 34 31 30 31 38 40 36 39 37 38 35 37 39 38 41 47 48 49 45 32 28 34 34 32 33 31 29 27 29 26 30 26 33 34 34 29 32 33 31 25 25 27 25 26 22 25 26 20 28 26 12 15 12 14 18
0 19 18 17 15 13 15 16 17 18 20 20 18 19 18 18 29 22 21 19 24 13 19 19 20 21 20 23 24 23 25 24 30 33 28 26 29 31 32 31 42 37 33 32 32 30 42 47 43 42 39 41 42 49 51 52 44 44 45 39 33 32 36 42 37 31 31 26 26 20 24 30 35 29 31 34 33 28 31 29 23 21 21 22 16 14 15 14 11 16 18 24 23 28 27 26
0 22 22 16 15 14 13 17 19 17 19 17 18 18 19 17 19 22 23 28 18 17 18 19 19 21 18 19 24 23 25 21 19 26 29 27 30 30 34 40 36 34 37 36 37 31 39 39 39 39 45 38 38 45 49 50 44 35 30 33 32 30 31 42 41 40 36 34 24 22 15 16 12 14 22 33 29 27 21 14 12 11 14 10 10 14 21 24 23 23 24 23 29 32 29 25
0 20 17 16 17 13 13 15 18 19 14 17 17 13 17 17 17 17 28 24 16 18 17 17 17 19 19 21 17 16 18 22 25 26 29 30 32 33 36 41 43 37 40 48 57 48 48 47 43 41 44 49 42 45 47 44 57 38 35 39 39 35 36 39 39 38 40 38 37 36 34 23 22 16 25 18 17 18 9 8 16 17 17 15 17 16 17 18 18 17 17 20 21 19 23 20
0 26 15 16 13 13 11 13 16 15 15 15 17 15 15 18 16 16 15 14 16 15 17 18 18 18 18 17 18 16 18 21 26 29 26 37 23 24 32 42 38 39 43 48 51 51 56 54 56 43 50 51 62 65 60 60 49 36 35 38 40 37 31 30 29 33 36 37 38 38 31 27 20 18 11 8 8 9 9 14 16 16 18 16 19 19 21 19 18 15 17 18 22 18 24 23
0 19 14 14 11 11 12 12 15 12 14 14 15 17 15 16 15 11 15 15 15 14 18 17 17 18 17 17 18 18 19 20 22 25 38 35 19 24 26 27 34 38 44 43 41 43 48 51 56 63 56 51 55 65 50 41 41 43 40 41 45 41 38 36 31 32 34 44 38 38 32 26 17 16 18 19 18 13 12 12 13 19 17 15 15 23 23 22 20 18 18 19 21 20 23 22
0 14 14 13 10 11 11 12 12 12 11 14 14 14 14 15 11 10 19 20 14 15 17 16 16 17 18 17 17 18 14 28 18 18 21 24 26 25 26 47 50 46 33 31 35 38 46 47 55 61 61 55 49 49 51 46 38 42 40 37 36 35 38 35 28 30 39 35 25 24 23 20 12 15 14 21 22 19 17 16 11 16 17 14 14 21 24 26 25 19 19 19 23 28 32 41
0 16 14 13 10 10 14 14 14 14 14 13 13 12 11 13 15 12 13 14 13 16 17 17 16 16 16 18 18 18 17 18 15 15 19 18 22 21 29 36 31 28 35 33 33 36 37 41 49 52 49 50 50 51 53 45 38 39 38 28 37 31 34 25 29 28 25 18 21 11 13 24 22 21 23 23 24 24 17 16 14 18 17 18 22 42 25 26 25 23 17 21 29 27 24 22
0 9 9 10 9 12 13 12 13 12 12 12 11 9 14 12 9 12 15 15 13 14 15 16 16 15 15 18 18 17 18 18 14 17 18 18 20 20 22 24 27 27 30 37 31 43 42 40 39 40 46 47 43 51 39 35 31 31 29 28 29 25 25 30 20 11 10 8 10 22 29 23 25 26 25 27 21 15 13 18 17 19 15 18 20 21 22 26 23 25 27 23 25 22 31 29
0 8 9 11 14 12 12 12 12 11 12 9 21 12 11 10 11 11 14 13 15 14 14 15 17 16 15 20 15 19 18 18 13 15 17 18 23 25 26 27 28 27 29 35 40 45 46 45 46 48 46 41 37 38 35 31 36 35 39 43 26 21 24 25 17 9 11 25 31 25 27 25 32 36 26 22 16 7 14 18 15 14 19 16 19 23 24 26 29 30 27 24 27 20 21 20
0 9 7 8 9 12 11 11 13 11 15 17 13 17 20 14 14 12 11 13 14 13 13 18 16 18 17 18 23 19 15 14 17 18 29 29 19 26 26 23 19 18 23 19 28 33 34 35 44 45 43 39 43 38 40 37 36 36 37 33 33 30 13 11 10 8 27 25 27 28 27 26 21 27 22 16 21 14 13 13 18 20 18 18 20 19 21 18 22 33 23 17 18 20 17 21
0 9 7 8 7 7 9 11 11 9 13 14 13 23 11 11 9 11 13 11 12 13 14 14 12 17 17 16 18 17 16 12 23 20 19 20 23 23 21 23 24 21 24 28 23 22 28 29 35 39 43 38 39 47 46 38 38 38 35 31 31 22 15 15 12 34 25 27 27 25 31 20 24 18 14 12 12 14 10 12 15 19 17 17 43 18 22 20 24 25 26 28 19 20 17 16
0 23 19 8 8 8 8 11 8 16 17 17 12 10 11 9 18 10 10 12 10 12 15 13 17 20 20 24 30 32 26 19 18 16 21 21 20 22 23 21 23 17 22 21 24 25 30 29 41 41 36 34 36 40 42 37 36 36 36 34 37 18 17 29 42 32 29 27 26 26 29 39 16 14 16 12 5 9 13 18 16 22 20 22 29 35 25 24 21 23 18 20 17 19 10 8
