HoopoePrediction/HoopoePrediction/Resources/Deprecated/sh_dem/dem_6.asc
ncols        161
nrows        117
xllcorner    10.140416668000
yllcorner    53.362361111000
dx           0.005013802627
dy           0.005035612538
[rows 0 to 56 of 117, columns 0 to 95 of 161]
0.0 0 0 0 0 0 0 0 48 50 40 45 47 47 44 52 50 43 41 43 43 59 60 48 41 33 33 35 28 33 35 34 34 37 41 44 27 27 27 28 40 45 53 47 53 53 50 51 60 45 39 38 40 34 31 30 45 29 27 36 24 23 25 23 25 30 31 32 43 39 39 31 32 45 52 67 65 59 54 60 56 58 55 54 55 52 49 50 45 50 44 41 43 33 33 31
0 0 0 0 0 0 0 0 55 52 42 48 49 57 45 44 44 43 43 44 44 42 46 41 32 31 35 30 31 27 30 35 46 47 45 27 29 39 35 42 59 62 49 48 49 48 49 49 52 48 49 38 41 38 32 31 29 28 39 36 26 26 24 24 26 27 30 29 31 32 33 32 41 46 62 71 59 60 55 57 56 56 61 60 59 52 41 35 35 40 36 35 35 36 31 34
0 0 0 0 0 0 0 0 54 56 58 61 58 51 44 43 43 46 45 43 44 46 39 47 45 37 35 33 32 32 25 39 40 38 40 39 28 54 36 48 48 48 49 51 51 45 43 43 41 39 39 39 43 42 48 34 32 26 25 32 26 25 27 27 30 31 37 31 30 39 41 48 56 62 62 67 56 57 61 57 61 62 60 54 50 39 35 31 33 28 23 31 31 35 32 36
0 0 0 0 0 0 0 0 66 54 59 73 79 67 67 52 45 44 45 41 41 44 49 42 37 35 40 35 27 35 46 43 48 51 45 64 43 50 52 49 47 47 51 60 57 50 41 39 44 40 40 36 33 35 42 34 32 24 25 32 29 29 30 34 30 31 34 37 36 41 50 56 64 64 67 68 55 55 56 59 63 54 51 39 36 36 33 31 26 26 28 34 34 35 33 38
0 0 0 0 0 0 0 0 55 51 58 65 62 63 66 52 50 45 45 41 49 53 49 45 41 38 36 33 19 48 51 52 49 48 51 58 61 64 53 45 44 46 48 50 49 45 43 46 45 39 34 33 33 30 34 48 35 27 28 30 30 33 33 34 36 42 34 35 49 55 53 59 66 61 63 62 68 53 60 57 48 39 42 36 28 27 23 22 22 28 26 40 28 28 24 34
0 0 0 0 0 0 0 0 42 57 66 62 64 60 58 48 37 32 45 45 48 44 41 41 39 41 38 37 28 40 38 42 45 47 55 51 43 51 42 42 40 45 45 42 46 41 39 43 38 36 34 34 33 35 34 27 27 32 31 34 40 40 47 46 43 39 46 44 43 48 58 61 81 68 78 58 59 53 48 44 46 42 38 32 30 21 20 18 23 23 30 33 19 28 31 27
0 0 0 0 0 0 0 0 39 43 35 35 36 38 37 38 42 36 35 19 29 33 36 36 33 34 37 36 31 21 19 18 31 43 39 41 39 33 35 38 38 35 34 37 38 38 37 39 44 44 38 33 30 35 29 27 27 34 39 41 50 45 48 50 54 48 50 43 41 49 63 63 76 79 64 62 58 49 44 42 38 32 29 31 27 21 17 17 13 25 35 21 21 24 17 19
0 0 0 0 0 0 0 0 32 32 37 39 35 41 39 36 45 40 40 19 19 27 34 24 27 28 27 34 22 16 17 19 24 46 46 41 34 37 43 41 37 38 34 38 42 37 40 46 44 43 39 36 36 35 29 29 33 40 45 43 45 49 51 49 48 49 46 47 43 40 59 55 71 66 67 61 57 44 38 35 34 30 30 29 22 14 24 11 17 26 17 21 17 17 15 12
0 0 0 0 0 0 0 0 40 39 38 37 37 36 37 37 37 35 37 18 19 27 19 20 29 33 29 25 27 22 16 18 14 14 37 40 41 44 36 34 32 32 34 40 49 48 44 46 45 42 36 36 36 36 37 37 34 38 44 49 47 48 45 46 63 63 56 55 49 51 52 53 64 59 59 48 45 39 38 33 34 30 16 15 14 15 12 15 25 25 15 11 15 13 12 10
0 0 0 0 0 0 0 0 43 35 34 33 37 37 39 37 36 37 36 27 19 41 34 36 37 38 39 40 41 37 31 28 19 21 24 46 43 44 37 40 34 39 43 43 47 44 46 38 39 40 39 29 33 34 33 52 59 47 40 44 39 43 43 47 60 56 56 52 51 52 75 78 83 57 53 44 37 38 34 28 23 14 33 12 12 13 13 14 14 25 20 14 12 14 9 14
0 0 0 0 0 0 0 0 36 35 33 36 34 35 37 34 34 35 38 31 16 16 31 36 39 35 37 40 41 39 39 43 23 11 23 41 34 32 36 35 39 38 42 41 41 34 32 34 40 34 27 31 33 34 34 43 43 44 51 41 40 46 49 49 53 52 52 52 56 63 63 60 44 52 45 36 35 28 16 14 13 10 12 13 17 17 16 15 16 16 20 24 17 13 18 20
0 0 0 0 0 0 0 0 34 36 36 35 34 33 32 31 36 37 35 26 19 16 27 41 42 42 42 43 35 36 37 37 27 17 10 29 30 26 31 35 30 27 34 34 27 24 27 30 27 29 31 37 38 47 47 49 41 42 42 36 42 49 47 51 53 56 62 58 66 65 64 58 51 40 27 23 31 26 20 16 12 9 19 11 12 8 12 11 11 15 16 19 28 33 21 21
0 0 0 0 0 0 0 0 42 42 41 54 43 46 41 33 29 32 26 29 32 18 35 39 38 34 34 33 35 33 34 36 21 14 12 13 25 27 22 16 19 20 17 18 26 30 44 39 33 40 45 39 39 45 50 55 53 46 41 41 39 50 50 54 58 59 61 63 68 66 65 60 47 37 33 24 23 20 13 16 17 21 22 19 17 29 17 15 19 20 24 22 21 30 21 17
0 0 0 0 0 0 0 0 37 39 39 40 50 43 39 40 42 37 26 23 20 41 32 33 36 36 38 41 41 43 43 40 42 34 38 31 11 10 13 24 29 32 34 32 39 44 43 37 43 46 48 57 52 51 56 59 58 54 50 43 43 49 52 49 58 62 60 60 62 63 67 52 31 22 36 24 28 14 18 23 25 23 17 15 26 36 36 33 26 20 19 21 25 27 19 16
0 0 0 0 0 0 0 0 31 39 38 40 39 39 37 42 40 34 34 29 23 21 18 23 32 37 41 41 42 41 38 39 33 31 41 32 31 15 27 34 33 39 37 37 51 49 55 61 46 44 65 74 69 69 60 54 55 47 44 52 49 45 48 52 57 58 60 60 65 68 57 29 23 24 32 19 15 19 19 20 18 19 20 21 19 20 21 38 33 23 19 19 21 27 20 15
0 0 0 0 0 0 0 0 30 34 35 34 37 40 36 35 34 33 31 33 32 29 19 19 31 34 37 39 39 34 33 36 28 23 23 18 27 13 26 35 39 52 50 33 42 42 40 46 47 48 45 50 51 54 57 54 53 49 49 42 48 51 56 54 50 57 60 62 64 63 54 41 25 14 28 18 14 15 15 18 20 22 23 24 25 20 20 20 22 20 20 17 18 18 19 19
0 0 0 0 0 0 0 0 30 30 32 35 32 36 39 41 47 40 35 35 35 30 24 26 24 24 24 24 24 33 24 25 26 28 12 7 7 32 35 41 41 41 36 32 37 38 35 38 43 45 43 45 52 50 53 54 59 59 55 56 56 56 64 60 53 60 58 59 57 50 41 27 24 26 15 12 16 19 20 18 17 20 24 24 20 23 21 19 19 15 15 17 17 17 17 17
0 0 0 0 0 0 0 0 32 30 33 32 35 39 40 44 38 35 36 35 33 33 27 29 32 33 32 26 31 30 30 34 15 27 12 7 13 28 30 31 32 35 38 33 32 31 31 36 44 53 41 43 45 50 47 48 52 52 55 57 57 59 57 56 58 59 55 73 56 44 38 16 20 10 15 15 18 18 17 21 29 27 26 23 20 18 19 17 15 15 21 14 17 18 20 19
0 0 0 0 0 0 0 0 35 34 30 33 32 35 34 34 32 35 34 32 33 28 27 27 31 32 32 26 36 36 38 37 26 14 12 4 22 29 23 23 23 32 35 30 28 33 39 39 38 45 47 47 47 46 44 52 44 45 49 54 55 55 59 56 58 54 73 71 44 35 25 15 15 15 14 19 19 22 27 26 31 26 28 21 16 16 21 19 16 16 16 15 17 17 18 20
0 0 0 0 0 0 0 0 31 32 30 33 30 29 31 28 33 35 32 28 37 28 24 28 37 38 36 30 34 50 50 46 33 38 10 6 10 22 30 35 31 34 30 26 35 40 46 38 36 40 45 44 61 42 46 48 43 42 52 55 55 68 66 68 48 68 60 45 37 28 13 10 17 15 14 18 16 41 31 32 25 21 28 17 16 19 19 18 16 17 11 15 17 17 19 14
0 0 0 0 0 0 0 0 33 29 32 34 31 31 35 31 30 27 29 31 32 32 27 32 32 33 35 36 38 41 44 43 35 22 21 8 6 8 16 25 30 30 32 26 34 40 44 36 30 34 45 40 39 34 40 41 39 37 41 44 53 56 61 64 62 67 59 52 43 18 10 9 9 16 34 24 30 31 27 24 20 17 14 14 14 17 16 17 17 13 11 15 14 13 12 6
0 0 0 0 0 0 0 0 33 30 32 36 30 30 33 32 31 32 30 35 32 32 34 30 33 36 39 34 35 40 47 40 28 17 32 9 5 8 22 31 34 37 35 35 36 29 17 18 17 27 32 31 35 40 33 38 42 37 40 51 59 52 57 66 63 56 33 29 16 7 14 15 22 43 37 36 28 33 27 22 18 18 14 14 16 17 15 16 16 10 11 14 10 2 -2 4
0 0 0 0 0 0 0 0 31 32 36 34 31 34 33 31 34 32 33 32 34 34 33 35 34 35 41 41 39 40 43 44 23 15 7 20 6 18 30 31 31 32 28 32 18 18 23 27 29 29 32 35 36 48 40 43 44 41 53 61 60 56 52 58 53 33 18 14 17 18 19 23 31 17 28 30 23 26 21 21 16 16 17 12 15 14 13 6 12 5 -2 0 5 8 7 12
0 0 0 0 0 0 0 0 34 32 41 37 33 34 37 32 35 34 35 35 31 33 32 34 35 37 36 38 44 42 44 51 33 26 16 9 10 5 21 30 16 22 23 26 16 21 21 27 23 27 28 34 29 32 35 41 42 53 53 57 47 45 41 39 30 26 16 17 7 22 25 23 28 32 32 23 24 32 17 13 2 13 11 6 -2 12 15 14 13 13 12 12 14 12 12 11
0 0 0 0 0 0 0 0 48 39 40 35 35 45 34 35 32 35 39 37 38 41 44 37 36 43 33 38 37 43 46 42 40 31 31 21 16 6 25 14 20 21 22 22 22 25 13 23 16 19 21 21 16 20 24 20 30 40 44 35 37 37 49 33 17 11 12 17 8 14 29 34 31 35 28 22 21 17 9 14 14 11 1 -1 10 12 15 11 14 13 12 13 14 11 2 6
0 0 0 0 0 0 0 0 39 38 34 29 28 39 48 34 34 34 39 42 48 58 58 46 36 35 34 36 34 37 37 41 39 40 32 25 27 19 26 19 21 21 16 17 20 14 12 16 8 9 16 24 37 31 36 20 30 14 29 27 27 31 9 6 10 5 5 1 13 22 29 32 34 28 27 15 25 19 19 16 7 11 6 7 19 16 14 13 14 12 12 14 15 10 8 10
0 0 0 0 0 0 0 0 29 35 34 32 22 22 27 32 36 30 35 50 62 71 74 46 41 36 29 27 30 28 25 28 30 29 23 24 19 12 8 6 4 6 6 9 6 7 20 17 17 22 27 33 32 44 41 44 41 3 3 2 2 3 0 1 2 0 -6 9 16 21 29 30 27 27 27 13 26 12 11 17 14 0 19 17 16 22 29 14 25 21 12 11 14 12 10 3
0 0 0 0 0 0 0 0 24 25 31 44 44 33 22 18 31 34 36 35 38 41 41 42 41 30 24 28 30 26 25 20 15 15 15 19 24 23 25 23 11 8 10 19 14 9 13 16 13 17 7 12 18 5 11 9 7 8 16 28 30 21 21 21 21 20 19 19 18 11 24 28 14 11 21 17 4 13 12 3 11 13 16 16 15 19 29 30 19 13 4 14 12 13 11 3
0 0 0 0 0 0 0 0 35 41 51 52 53 43 43 28 23 17 30 33 33 34 40 43 38 35 24 28 27 20 25 22 23 24 40 25 30 37 39 32 30 24 17 18 22 12 18 11 20 18 19 24 13 19 20 9 29 36 38 40 38 38 39 34 34 31 24 20 21 0 5 1 4 4 5 19 11 16 17 15 15 15 15 15 16 17 17 16 15 7 14 14 13 13 12 2
0 0 0 0 0 0 0 0 31 31 32 31 28 24 25 31 34 37 18 26 35 24 25 19 26 27 27 36 47 38 34 33 37 34 37 40 41 38 31 29 29 28 29 21 20 13 19 15 18 12 16 18 17 18 25 24 17 38 44 47 45 43 42 41 40 25 18 13 17 3 22 19 11 20 23 21 32 32 18 19 18 17 15 17 16 18 17 14 16 14 14 10 9 10 14 14
0 0 0 0 0 0 0 0 34 30 29 31 27 28 26 27 29 32 34 32 25 32 31 45 38 19 23 25 33 33 31 29 28 30 27 28 27 28 33 27 30 30 33 24 26 16 9 9 12 12 6 12 18 24 22 19 29 23 37 47 39 42 42 40 30 38 31 29 16 14 18 27 34 31 31 20 22 31 33 19 18 19 18 7 14 13 16 17 20 15 15 16 10 8 12 12
0 0 0 0 0 0 0 0 30 29 30 30 29 31 31 30 31 40 37 38 32 37 34 33 31 35 17 21 29 32 30 29 30 33 19 23 21 25 15 6 5 11 6 7 12 7 7 8 12 13 15 9 16 21 24 25 23 25 25 22 42 44 49 42 47 47 32 40 31 33 36 35 37 34 30 26 20 10 16 8 6 7 6 7 15 20 18 16 23 26 17 14 17 12 11 15
0 0 0 0 0 0 0 0 29 26 27 36 38 40 42 35 35 35 38 48 33 33 42 47 43 39 20 26 19 23 32 29 20 15 11 10 7 9 13 8 8 8 15 12 14 10 9 16 10 11 9 11 12 17 12 12 25 28 35 41 47 49 55 53 54 57 49 44 40 37 37 39 39 35 35 36 37 21 22 16 17 17 19 19 17 20 20 20 26 29 29 27 27 26 28 21
0 0 0 0 0 0 0 0 24 28 33 39 40 44 46 41 39 41 49 46 39 29 36 27 29 30 25 17 17 10 10 22 10 9 10 8 13 11 14 18 16 18 21 21 20 25 30 31 24 15 18 22 25 29 27 34 33 38 33 49 52 49 56 56 57 57 64 55 46 43 40 40 35 35 36 48 46 33 24 25 14 16 17 18 19 26 34 32 34 27 30 31 28 27 26 13
0 0 0 0 0 0 0 0 22 24 27 36 38 37 41 46 47 49 51 56 52 41 33 32 36 33 31 28 27 21 16 16 27 25 23 24 27 23 27 29 27 30 30 29 31 34 34 26 23 29 29 24 47 32 30 55 48 44 38 41 51 44 52 49 53 58 55 43 43 47 41 35 38 41 41 39 33 30 29 27 19 19 14 18 15 19 34 33 32 25 19 31 31 25 23 16
0 0 0 0 0 0 0 0 32 31 36 37 37 38 37 39 41 45 49 53 53 47 45 46 44 37 35 32 32 32 29 31 29 30 30 32 28 23 26 24 28 31 31 35 32 31 36 36 33 33 34 28 44 42 34 38 39 48 36 36 45 49 49 55 55 57 70 56 56 62 49 42 38 36 38 41 37 31 33 31 25 24 24 19 18 18 21 26 29 22 24 24 21 20 11 17
0 0 0 0 0 0 0 0 28 35 35 39 39 39 40 42 40 48 49 52 51 50 48 48 48 40 34 31 25 31 30 34 28 27 31 31 24 30 30 34 34 28 30 31 39 35 36 37 38 35 36 35 30 27 35 43 29 38 36 37 39 46 47 49 55 54 59 56 56 56 51 49 41 36 40 38 33 33 33 32 32 30 26 20 21 18 15 23 26 27 18 19 20 17 17 17
0 0 0 0 0 0 0 0 29 37 34 36 37 41 44 43 42 53 47 52 58 57 52 52 48 42 32 29 31 32 33 31 35 35 34 34 31 37 28 35 32 29 34 34 43 35 38 42 45 40 37 37 38 39 34 33 32 30 35 35 43 40 46 43 43 51 54 53 57 55 53 52 46 43 39 37 41 34 31 37 36 31 30 26 23 19 22 22 15 15 17 19 21 19 18 17
0 0 0 0 0 0 0 0 36 40 36 35 39 40 41 42 45 58 56 58 59 47 50 54 58 50 42 39 38 35 35 34 35 32 35 36 39 40 37 46 47 36 34 31 50 49 34 39 44 42 40 38 42 40 39 38 40 43 35 35 38 50 41 46 45 44 52 51 52 63 55 53 48 51 45 40 38 38 35 38 35 39 31 29 26 27 26 23 19 22 19 30 20 28 28 19
0 0 0 0 0 0 0 0 36 31 30 38 40 45 46 46 58 58 50 41 40 57 60 51 54 50 45 45 42 43 41 35 36 34 35 29 31 39 47 48 36 47 49 39 51 46 35 35 35 36 37 40 44 43 42 38 40 41 46 37 38 37 44 34 39 50 47 58 63 77 78 64 59 62 60 56 49 44 37 33 34 31 32 31 27 29 29 26 23 26 24 21 25 23 19 19
0 0 0 0 0 0 0 0 28 31 32 33 37 37 42 44 42 39 43 40 45 44 43 44 52 47 48 41 46 41 46 42 36 44 38 30 30 30 33 44 34 47 39 51 49 38 44 37 37 41 38 42 45 43 43 43 43 48 46 39 38 35 39 41 47 52 53 55 71 72 69 60 65 67 66 68 66 60 51 51 47 38 38 33 25 28 29 24 23 29 28 31 31 24 22 22
0 0 0 0 0 0 0 0 37 31 34 37 38 40 42 43 40 34 40 40 39 39 42 46 48 47 47 40 36 40 40 44 41 41 37 32 35 29 35 35 32 35 37 38 41 42 45 39 42 43 43 47 50 51 46 43 47 47 46 43 39 38 40 39 42 48 46 51 58 56 57 74 74 63 69 69 66 67 66 62 63 60 52 45 40 35 28 26 23 20 30 27 31 32 26 24
0 0 0 0 0 0 0 0 25 28 33 37 33 34 35 33 33 33 35 36 37 38 44 46 52 49 44 39 38 35 35 39 36 32 30 35 50 49 44 33 36 40 41 42 41 40 41 42 42 43 49 45 48 46 43 44 42 43 43 42 44 44 46 52 44 49 51 57 48 50 61 71 71 63 62 63 62 64 69 73 69 68 64 62 53 54 41 42 39 30 22 16 15 19 23 25
0 0 0 0 0 0 0 0 0 0 30 29 29 33 27 30 37 32 39 39 40 42 44 47 53 52 51 49 41 49 39 36 37 35 34 37 44 44 56 35 33 40 40 46 47 45 46 46 48 46 51 51 50 47 49 48 48 48 48 48 48 48 48 59 50 49 61 52 51 52 61 63 72 72 75 68 63 66 62 59 60 68 73 67 61 58 58 52 50 46 40 39 31 20 12 23
0 0 0 0 0 0 0 0 0 0 0 25 27 26 30 31 31 32 39 41 41 47 50 46 47 49 51 47 42 41 39 39 35 32 31 35 39 50 43 40 38 42 43 43 45 44 41 43 44 47 47 52 51 55 57 58 58 50 53 61 57 54 59 59 59 59 58 58 73 51 73 59 60 66 68 64 64 55 59 54 54 57 57 62 72 65 66 64 61 64 55 47 52 41 26 12
0 0 0 0 0 0 0 0 0 0 0 26 27 26 28 32 31 33 37 38 36 43 44 48 45 43 45 46 39 40 43 41 40 32 34 36 43 47 50 46 38 40 41 41 40 39 42 45 48 52 60 66 70 71 75 64 62 68 71 75 69 64 70 71 67 68 70 58 68 58 60 61 59 58 58 69 62 59 53 52 52 51 56 58 56 60 66 68 63 63 58 41 46 41 37 25
0 0 0 0 0 0 0 0 0 0 23 24 24 26 30 38 34 31 37 34 37 42 46 51 46 41 40 37 39 42 39 39 36 41 33 36 39 46 52 43 44 36 40 39 38 40 41 42 52 55 58 61 69 80 70 67 70 73 76 80 83 81 77 74 73 65 60 58 61 57 61 65 64 62 58 57 56 53 53 49 53 53 49 52 54 55 56 57 62 56 74 71 47 40 33 35
0 0 0 0 0 0 0 0 0 31 29 32 29 32 34 34 36 39 41 40 41 42 44 48 47 44 44 38 40 38 36 37 37 39 38 36 37 39 38 43 45 40 41 42 43 46 45 44 44 48 51 53 54 58 63 66 72 78 78 76 71 71 74 68 65 62 57 58 59 59 61 62 66 61 55 53 51 58 52 49 47 48 45 48 49 53 53 51 67 66 69 73 74 56 37 27
0 0 0 0 0 0 23 21 28 27 25 26 30 32 36 37 40 38 40 43 39 44 42 42 42 38 38 39 37 37 40 39 39 43 42 42 41 42 49 45 43 39 42 43 39 40 44 45 46 51 54 49 55 56 61 68 71 69 69 65 60 61 65 62 64 65 62 58 57 58 56 60 57 57 62 65 51 57 48 42 40 38 36 37 40 51 51 54 49 49 71 69 69 64 28 28
0 0 0 0 0 30 24 24 23 24 27 27 30 30 34 37 36 34 39 40 37 41 44 43 39 39 47 44 41 44 43 42 42 42 42 42 40 55 44 45 40 39 44 44 45 40 43 42 47 52 50 53 56 62 71 77 73 70 62 58 57 59 61 60 71 77 75 64 57 55 56 58 59 64 67 58 51 44 39 40 37 36 33 35 38 42 46 51 46 47 55 54 56 51 39 20
0 0 0 0 0 24 26 28 40 27 24 26 30 30 29 34 44 38 41 50 46 39 42 42 37 42 46 43 39 44 49 47 55 54 55 39 54 61 46 49 50 41 48 45 46 44 55 51 54 50 54 59 66 87 78 79 72 66 64 60 55 55 58 61 67 70 71 70 59 63 71 67 67 72 73 61 51 47 40 37 37 36 35 33 40 40 41 34 39 47 54 54 49 44 38 16
0 0 0 0 0 29 30 39 36 27 31 31 32 34 36 35 32 33 43 46 48 49 42 43 41 42 43 41 46 44 53 48 47 56 54 55 51 48 46 47 45 44 47 48 51 50 53 51 52 55 54 61 76 82 74 71 67 61 56 56 54 56 75 64 57 60 59 60 55 65 74 71 64 59 71 58 51 48 40 37 37 36 36 35 41 42 38 39 35 48 42 44 42 40 34 19
0 0 0 0 26 27 37 52 43 35 31 38 40 38 41 39 35 32 34 43 46 46 48 44 48 44 43 50 54 55 53 50 54 55 50 50 52 42 41 42 44 44 47 42 45 42 42 47 50 52 57 70 82 88 66 61 63 61 54 53 50 62 60 54 56 55 57 59 62 53 54 62 51 60 64 48 48 42 37 37 37 39 42 38 36 39 43 42 34 40 58 48 45 39 40 19
0 0 27 31 31 29 32 48 53 52 40 40 38 39 41 43 41 42 44 40 47 45 49 48 50 44 45 47 47 44 48 48 57 37 40 38 56 47 40 39 42 43 42 42 43 43 42 49 54 61 65 72 82 73 68 63 55 55 53 74 67 70 83 55 54 58 57 57 52 46 45 48 46 51 54 46 40 37 40 36 41 39 46 42 38 55 53 34 53 57 52 42 37 32 32 26
0 32 29 31 33 43 36 38 49 38 43 39 42 47 51 47 43 50 47 49 43 39 40 39 37 40 46 42 43 41 35 39 41 55 37 39 41 41 43 44 48 47 44 45 51 65 68 62 70 79 73 80 64 60 58 55 55 52 59 61 75 73 76 82 76 56 61 55 51 44 43 42 41 45 47 47 45 37 39 44 38 46 45 47 50 47 39 42 36 40 41 43 36 37 32 11
0 0 0 0 39 43 36 38 37 58 54 39 44 44 44 49 50 47 46 49 53 52 47 35 42 49 50 45 46 42 43 44 45 47 49 47 50 52 47 47 53 50 54 65 66 75 84 79 60 57 59 56 54 54 51 50 49 58 60 68 69 63 51 50 53 49 49 51 49 71 64 52 47 41 50 50 45 38 39 44 50 50 52 50 37 41 35 39 43 31 38 39 34 43 28 12
0 0 0 0 0 0 0 0 36 42 46 42 43 46 48 41 44 48 49 46 51 49 49 40 63 54 44 45 47 46 47 47 59 55 67 62 53 48 48 46 51 52 61 72 73 83 74 70 54 52 55 55 54 49 48 51 54 51 49 60 62 65 57 58 59 48 51 50 48 71 55 55 52 52 46 43 45 44 38 41 54 54 50 49 38 36 34 41 31 33 43 38 36 27 27 18
