HoopoePrediction/HoopoePrediction/Resources/Deprecated/sh_dem/dem_7.asc
ncols        146
nrows        96
xllcorner    10.169027779000
yllcorner    53.951527778000
dx           0.005032343993
dy           0.005040509271
[rows 0 to 58 of 96, columns 0 to 95 of 146]
0.0 0 0 0 0 0 0 0 0 0 0 0 0 0 0 0 0 0 0 0 0 0 0 0 0 0 0 0 0 0 0 0 8 8 0 0 0 0 0 0 0 0 0 0 0 0 0 0 0 0 0 0 0 0 0 0 0 0 0 0 0 0 0 0 0 0 0 0 0 0 0 0 0 0 0 0 0 0 0 0 0 0 0 0 0 0 0 0 0 0 0 0 0 0 0 0
0 0 0 0 0 0 0 0 0 0 0 0 0 0 0 0 0 0 0 0 0 0 0 0 0 0 0 0 0 0 -2 -2 -2 -3 -2 -3 -1 -3 0 0 0 0 0 0 0 0 0 0 0 0 0 0 0 0 0 0 0 0 0 0 0 0 0 0 0 0 0 0 0 0 0 0 0 0 0 0 0 0 0 0 0 0 0 0 0 0 0 0 0 0 0 0 0 0 0 0
0 0 0 0 0 0 0 0 0 0 0 0 0 0 0 0 0 0 0 0 0 0 0 0 0 -2 -4 -2 -3 -1 -3 -3 -5 -3 -4 -3 -2 -3 -2 -1 -2 -2 -3 0 0 0 0 0 0 0 0 0 0 0 0 0 0 0 0 0 0 0 0 0 0 0 0 0 0 0 0 0 0 0 0 0 0 0 0 0 0 0 0 0 0 0 0 0 0 0 0 0 0 0 0 0
0 0 0 0 0 0 0 0 0 0 0 0 0 0 0 0 0 0 0 1 0 1 -1 6 -1 -4 -4 -3 -3 -4 -1 -3 -2 -3 -1 -3 -2 -3 -4 -1 0 -2 -1 -3 -2 -3 -2 1 0 0 0 0 0 0 0 0 0 0 0 0 0 0 0 0 0 0 0 0 0 0 0 0 0 0 0 0 0 0 0 0 0 0 0 0 0 0 0 0 0 0 0 0 0 0 0 0
0 0 0 0 0 0 0 0 0 0 0 0 0 10 -1 8 8 6 4 4 3 2 3 0 1 1 0 -6 0 -3 1 -1 -3 0 -1 -2 -2 -2 -1 -1 -2 -1 0 -1 -1 0 -1 -1 -1 0 0 0 0 0 0 0 0 0 0 0 0 0 0 0 0 0 0 0 0 0 0 0 0 0 0 0 0 0 0 0 0 0 0 0 0 0 0 0 0 0 0 0 0 0 0 0
0 0 0 0 0 0 0 0 0 0 0 11 21 13 7 1 5 12 9 6 6 5 3 3 5 -1 -1 1 1 -1 -2 -3 -2 7 3 8 3 2 1 -1 -4 0 0 2 2 0 1 0 -1 -1 -1 -1 0 0 0 0 0 0 0 0 0 0 0 0 0 0 0 0 0 0 0 0 0 0 0 0 0 0 0 0 0 0 0 0 0 0 0 0 0 0 0 0 0 0 0 0
0 0 0 0 0 0 0 0 0 0 0 22 26 22 19 10 2 0 12 11 7 7 8 5 0 -2 3 3 2 6 4 2 2 1 4 1 4 3 3 -1 2 1 2 2 4 2 2 5 5 1 -2 0 -1 -2 1 0 0 0 0 0 0 0 0 0 0 0 0 0 0 0 0 0 0 0 0 0 0 0 0 0 0 0 0 0 0 0 0 0 0 0 0 0 0 0 0 0
0 0 0 0 0 0 0 0 0 0 25 26 26 24 22 19 20 15 7 10 9 5 4 2 -1 6 8 4 2 4 7 6 6 7 5 7 9 6 7 6 8 7 7 5 5 7 4 4 3 4 2 3 3 3 1 0 -2 -1 0 0 0 0 0 0 0 0 0 0 0 0 0 0 0 0 0 0 0 0 0 0 0 0 0 0 0 0 0 0 0 0 0 0 0 0 0 0
0 0 0 0 0 0 0 0 0 14 28 30 26 24 27 19 19 17 17 5 4 11 13 12 12 7 6 10 8 7 9 4 10 10 10 10 9 10 0 3 14 11 11 14 9 10 10 10 10 8 9 6 7 6 5 5 4 4 3 1 0 0 0 0 0 0 0 0 0 0 0 0 0 0 0 0 0 0 0 0 0 0 0 0 0 0 0 0 0 0 0 0 0 0 0 0
0 0 0 0 0 0 0 0 0 30 34 26 26 24 25 27 20 24 20 13 14 17 11 15 7 8 11 11 13 13 11 14 13 14 14 15 15 15 4 15 17 15 15 13 15 14 14 12 12 12 13 14 13 12 13 11 10 9 7 7 5 3 0 0 0 0 0 0 0 0 0 0 0 0 0 0 0 0 0 0 0 0 0 0 0 0 0 0 0 0 0 0 0 0 0 0
0 0 0 0 0 0 0 0 31 46 28 31 28 25 26 22 24 27 18 15 13 17 6 12 12 18 13 15 14 9 18 19 18 20 16 21 20 14 12 21 21 19 17 18 17 20 18 16 21 25 23 22 22 19 19 20 21 24 14 17 14 14 11 8 8 8 8 5 6 5 0 0 0 0 0 0 0 0 0 0 0 0 0 0 0 0 0 0 0 0 0 0 0 0 0 0
0 0 0 0 0 0 0 0 31 34 29 27 29 30 26 22 24 26 28 22 21 15 13 13 18 18 20 24 22 18 23 23 25 29 28 23 22 19 16 24 23 21 24 24 27 30 30 28 26 26 33 29 29 30 28 27 27 26 27 29 27 27 21 23 19 20 17 17 19 19 19 16 13 10 9 0 0 0 0 0 0 0 0 0 0 0 0 0 0 0 0 0 0 0 0 0
0 0 0 0 0 0 0 18 20 27 25 26 24 28 30 27 31 30 26 23 22 26 16 18 25 23 25 25 23 28 28 25 30 28 35 28 29 29 28 20 31 31 30 28 31 33 34 33 35 36 36 40 39 38 39 45 44 34 33 34 32 34 30 31 32 32 22 25 28 29 28 22 20 23 20 18 25 14 0 0 0 0 0 0 0 0 0 0 0 0 0 0 0 0 0 0
0 0 0 0 0 3 6 10 15 9 16 18 21 24 34 35 26 21 21 23 20 17 23 14 28 26 30 29 26 28 27 33 31 30 36 35 32 31 31 32 36 33 35 33 34 33 38 36 38 41 43 40 37 58 58 47 52 60 46 47 46 41 41 41 36 27 20 35 32 36 32 31 26 28 26 22 19 14 17 16 13 0 0 0 0 0 0 0 0 0 0 0 0 0 0 0
0 0 0 0 6 1 12 9 16 13 16 26 24 28 28 24 26 21 17 24 26 15 23 18 28 28 28 26 25 15 21 25 27 31 38 40 44 39 33 40 38 38 41 42 42 44 45 47 45 45 47 48 62 58 49 50 43 46 51 47 42 37 37 34 26 37 42 39 39 35 34 31 29 27 25 25 18 12 16 21 14 16 9 5 1 0 0 0 0 0 0 0 0 0 0 0
0 0 0 19 20 21 28 18 20 23 22 28 23 36 40 23 26 28 30 28 28 22 21 25 24 24 19 18 19 15 21 23 28 33 36 40 43 37 41 38 40 41 42 47 46 43 45 40 38 44 46 42 42 46 50 49 44 44 44 38 34 36 31 26 26 37 42 62 51 42 34 29 28 24 23 15 17 19 11 11 11 23 14 14 16 6 4 0 1 0 0 0 0 0 0 0
0 0 25 25 26 24 28 37 53 35 25 20 17 19 16 19 29 30 26 19 23 26 34 23 29 22 20 19 15 15 19 19 20 23 29 31 39 35 38 34 33 28 35 44 37 34 33 35 38 39 39 41 44 49 46 42 43 43 39 33 28 34 38 42 38 41 51 53 66 62 45 41 40 34 31 19 16 11 8 8 8 7 2 5 6 8 8 0 -1 -3 -1 0 0 0 0 0
0 28 20 29 35 39 38 37 38 39 27 23 27 26 21 30 28 22 20 18 16 18 15 20 18 27 22 24 15 15 15 15 15 18 19 21 21 34 34 35 30 29 32 32 32 33 32 32 37 35 53 55 43 42 40 38 40 38 33 36 42 42 44 45 48 46 45 47 50 51 55 57 52 47 43 35 22 15 27 20 9 5 11 3 -1 -1 7 4 2 0 -3 -3 -2 0 0 0
0 3 11 40 32 25 29 36 25 24 31 27 28 25 20 19 23 23 20 17 18 18 21 21 16 18 29 15 15 20 20 20 18 17 25 27 30 31 29 41 31 29 29 32 39 36 37 37 33 38 45 47 48 48 50 46 37 35 37 34 39 44 47 46 48 51 44 45 42 47 59 79 81 70 59 53 34 23 22 17 12 11 8 9 0 3 3 2 0 0 -2 -2 -4 -3 0 0
0 2 6 35 42 42 38 33 23 20 25 25 19 24 21 22 27 24 20 21 18 20 26 21 19 24 21 21 29 18 18 20 20 24 30 27 31 31 33 29 33 34 42 39 41 40 38 36 38 40 41 47 60 65 49 45 43 39 37 36 39 47 49 50 52 50 50 47 46 48 62 76 77 82 83 72 66 58 30 34 24 20 18 7 3 -2 -4 -4 -4 -2 -1 -4 -3 3 -2 0
0 13 11 42 44 43 40 24 31 18 18 19 16 22 24 24 27 30 27 27 27 25 26 27 21 21 19 21 23 23 21 32 23 23 26 27 26 33 49 35 49 41 39 39 35 36 39 36 39 36 42 44 52 53 47 42 44 59 58 38 36 40 50 46 48 49 52 45 42 41 54 63 69 97 97 95 100 91 52 50 55 44 17 20 16 20 5 2 -4 -4 -4 -4 -4 -2 -3 1
2 7 4 1 5 3 21 20 20 21 32 33 38 28 32 27 24 31 25 30 45 34 29 40 15 15 17 18 22 25 25 24 20 25 29 33 33 45 57 48 54 40 35 45 36 34 42 41 37 36 38 42 45 48 42 40 42 39 41 35 38 42 41 45 46 48 44 42 43 42 46 53 56 80 99 120 102 88 71 77 56 56 35 22 13 12 10 11 -4 -4 -4 -4 -4 -2 -3 -3
14 17 14 17 16 15 11 17 7 9 10 13 33 39 23 23 20 22 27 41 31 47 25 27 15 15 15 15 16 19 17 23 27 29 31 35 36 34 54 49 50 41 44 40 34 38 47 39 36 43 42 43 40 42 38 41 39 36 42 39 41 39 36 33 39 38 42 51 50 46 44 46 66 59 76 123 101 96 88 88 77 64 74 62 51 21 2 -2 -2 -4 -4 -4 -4 -4 -3 0
15 20 25 19 22 22 17 7 4 6 8 7 15 31 28 30 26 20 23 36 38 35 32 23 24 28 15 15 15 15 15 19 21 26 31 32 51 49 37 44 42 42 41 34 34 34 34 34 34 34 34 34 34 34 34 34 35 36 39 35 39 38 34 34 34 35 44 52 48 47 43 47 51 75 83 96 106 97 91 86 81 73 70 70 78 69 49 20 13 12 -4 -4 -4 -4 5 8
31 32 24 30 20 27 20 16 6 5 7 9 11 26 31 32 28 35 36 33 47 32 32 33 31 28 15 25 21 15 17 33 31 31 31 34 34 40 49 47 44 41 41 34 34 34 34 34 34 34 34 34 34 34 34 34 34 34 34 34 34 46 36 34 34 35 34 40 44 51 51 45 58 62 89 128 86 86 87 98 88 64 59 48 66 50 63 23 -1 -4 17 19 -3 2 8 6
36 41 46 47 28 24 23 23 10 7 0 3 25 22 26 30 35 36 43 47 49 37 35 37 38 36 26 25 34 39 44 51 49 27 34 35 35 39 43 43 46 44 38 34 34 34 34 34 34 34 34 34 34 34 34 34 34 34 34 34 34 34 34 39 35 42 37 40 39 41 36 39 44 58 79 82 91 70 66 69 74 75 74 57 51 30 13 12 19 5 13 15 8 8 6 4
32 42 56 52 54 39 33 19 17 19 13 11 24 12 19 24 29 28 30 35 40 38 46 46 40 29 42 42 54 72 64 41 46 38 36 32 55 50 41 36 37 37 43 48 36 34 34 34 34 34 34 34 34 34 34 34 34 34 34 34 34 34 34 34 37 43 44 36 37 55 42 44 54 63 65 74 56 57 56 48 49 56 48 46 37 22 4 -2 4 16 12 10 11 13 5 0
47 56 57 55 55 52 47 40 28 28 26 25 27 14 28 22 24 28 31 37 39 40 50 39 36 51 48 51 63 54 45 47 39 38 46 46 47 55 51 40 42 43 48 54 54 48 47 44 43 39 42 35 34 34 34 34 34 34 34 34 34 34 34 34 34 34 34 34 39 38 45 47 52 53 54 51 48 60 57 51 62 55 55 44 28 13 22 15 17 15 18 20 11 6 1 -1
36 50 47 50 47 43 44 37 28 26 32 33 32 20 46 48 42 28 31 30 36 30 34 33 42 55 61 52 60 60 40 47 42 38 54 45 31 31 42 40 48 59 64 68 69 69 59 62 52 49 49 46 46 39 35 34 34 34 34 34 34 34 34 41 35 41 37 36 41 39 52 70 63 74 76 73 70 61 57 45 45 56 46 38 27 18 7 8 18 17 15 13 12 7 2 -4
32 28 38 44 43 48 47 50 38 39 39 35 35 39 42 28 39 20 23 27 26 28 29 30 44 60 69 80 62 58 52 45 47 44 35 35 30 34 39 45 48 58 59 66 69 67 77 76 70 61 53 58 64 71 48 54 51 34 34 34 34 34 45 49 65 44 47 49 46 52 59 61 68 73 69 73 59 55 54 41 28 30 27 11 14 18 20 22 22 20 31 23 10 7 3 -1
33 29 30 26 41 47 47 59 57 41 36 52 31 30 38 25 24 31 18 18 28 26 29 40 46 44 45 53 46 34 40 49 39 27 31 34 34 46 42 47 57 61 63 59 71 69 71 73 82 72 81 64 60 58 56 53 51 43 42 36 42 50 47 53 74 68 78 72 54 55 52 57 64 77 76 73 64 41 26 16 9 19 26 20 19 21 23 25 29 27 30 17 15 9 12 18
33 28 33 31 36 45 71 46 72 50 42 29 22 43 28 37 28 27 36 29 18 27 29 42 26 38 41 29 32 39 23 21 24 30 32 34 33 37 48 44 51 50 54 61 60 61 66 66 79 75 64 64 56 50 48 53 50 55 52 54 48 54 72 70 62 60 77 86 73 63 51 52 56 54 57 55 48 40 30 19 26 28 30 32 35 34 29 28 25 24 31 19 40 26 32 21
35 35 49 37 42 27 52 31 40 23 21 23 29 28 29 30 38 38 32 34 42 31 24 29 29 45 30 28 25 26 27 34 36 34 35 39 37 40 49 44 40 62 66 54 53 56 56 59 57 62 61 60 46 44 53 44 49 52 69 70 64 84 67 71 56 66 62 64 52 52 55 56 46 37 36 25 32 15 15 18 21 29 49 48 49 47 40 34 29 27 28 27 20 17 25 19
55 52 51 47 43 46 47 54 28 31 23 21 35 39 33 39 51 53 55 34 35 49 31 34 18 20 26 32 30 32 29 33 32 32 32 32 43 35 36 38 39 42 60 61 67 61 64 58 57 56 52 45 49 47 43 45 44 53 59 53 45 49 49 52 89 66 54 59 70 38 56 58 34 20 31 26 31 42 52 51 54 54 59 60 61 57 48 40 40 47 31 33 24 22 22 21
55 55 60 62 59 80 80 73 62 40 27 20 36 42 44 32 38 41 53 48 39 30 26 20 28 35 23 26 22 27 34 29 34 32 29 32 32 31 33 37 42 45 43 60 54 61 60 53 58 50 47 43 48 54 51 50 46 41 37 45 50 49 54 52 52 47 52 49 42 53 51 50 32 30 28 39 40 47 38 51 52 55 60 62 72 67 59 56 45 39 29 33 35 26 24 34
58 53 59 64 55 70 70 70 56 51 38 22 26 42 40 24 43 39 39 41 30 27 34 16 38 52 26 26 21 20 24 27 28 30 32 29 30 31 33 41 61 49 61 47 43 49 45 42 43 45 46 43 46 43 50 51 47 51 28 34 46 44 50 48 50 51 49 57 43 34 32 35 32 17 32 33 40 38 44 55 60 49 54 65 82 70 69 67 58 49 41 33 29 27 34 41
53 62 73 62 69 51 65 62 41 40 25 21 27 39 32 23 28 34 30 45 39 36 36 26 39 28 32 23 22 28 28 25 27 27 27 26 26 27 30 37 42 40 49 50 46 44 47 44 47 44 48 45 42 45 43 44 48 60 25 31 41 41 48 50 48 50 47 49 51 43 33 51 48 30 25 33 39 47 47 75 71 66 60 58 68 66 63 60 59 57 47 42 30 39 40 44
60 59 55 46 47 45 42 57 57 50 45 42 19 19 28 28 21 21 23 31 29 32 35 20 29 26 29 25 24 27 33 27 31 27 30 39 37 32 38 27 30 35 37 46 49 48 43 44 43 50 47 45 45 38 41 37 34 32 26 33 31 44 49 60 63 63 48 41 45 24 32 41 40 28 35 41 43 46 48 50 53 55 57 58 60 72 65 63 62 65 57 41 39 36 51 65
67 43 44 41 41 43 40 40 52 51 54 20 21 19 22 25 27 22 18 25 29 29 24 24 34 33 33 30 20 31 31 29 27 27 31 31 46 29 35 32 31 31 35 41 41 42 36 43 45 45 49 48 46 42 38 35 34 34 32 38 31 39 47 52 62 51 43 42 29 33 59 56 28 34 41 43 48 55 55 56 42 40 47 58 63 68 68 69 68 54 50 50 42 44 43 61
35 37 39 40 42 40 40 38 38 36 28 39 23 21 22 19 23 18 18 26 29 31 22 28 35 29 33 26 26 26 31 29 28 39 41 67 38 25 33 36 25 31 32 37 48 41 46 45 51 51 47 60 40 39 39 33 28 24 21 28 33 24 32 39 41 41 41 36 23 28 35 22 23 33 39 40 47 38 43 43 52 58 62 68 78 86 59 44 50 62 59 54 55 49 51 43
0 34 31 40 45 41 39 37 30 26 26 23 18 21 18 18 18 21 21 27 32 32 29 25 49 31 29 24 20 22 22 22 29 45 36 45 40 27 29 35 32 34 38 39 41 32 37 34 37 45 48 61 39 38 39 33 33 34 31 21 23 25 32 38 42 36 32 34 22 25 27 21 26 34 38 42 43 35 56 69 65 60 56 63 62 55 47 44 44 46 51 56 48 45 53 59
0 40 37 30 42 36 35 34 33 22 26 20 18 18 22 23 21 24 27 30 33 38 43 38 29 28 24 22 23 23 22 26 30 34 35 35 48 30 37 42 39 36 33 45 36 31 31 38 35 31 39 45 41 44 30 29 32 25 28 21 28 22 30 29 28 30 31 24 44 40 51 39 35 26 35 38 46 37 49 52 75 66 56 58 58 39 44 55 67 55 65 62 65 60 60 61
0 35 35 36 37 35 30 32 22 20 18 18 18 18 25 25 22 25 27 28 35 35 20 21 18 20 21 24 20 16 21 27 32 40 39 36 29 27 30 38 44 49 42 41 44 35 35 32 37 40 28 26 26 27 31 31 38 27 28 31 31 23 26 28 23 28 29 23 28 41 47 29 33 30 30 32 37 34 48 38 31 37 30 53 46 40 49 50 43 55 56 59 53 56 48 48
0 34 28 34 36 37 38 29 22 19 18 18 18 18 24 28 30 27 34 43 37 18 16 16 16 16 16 16 24 20 26 33 41 35 43 39 38 48 40 39 43 58 49 44 46 47 41 39 42 33 39 30 31 32 40 33 58 65 45 48 22 25 28 24 28 46 36 41 41 33 31 31 28 36 39 51 43 29 30 27 28 50 41 43 38 46 42 42 42 42 38 58 66 68 74 61
0 38 32 37 36 37 40 30 29 29 19 22 22 19 21 27 26 28 32 35 21 19 18 16 16 17 20 20 44 30 22 37 54 48 47 52 56 60 41 43 43 51 52 42 43 37 37 37 46 46 45 45 40 41 38 46 52 61 57 34 28 22 22 29 55 42 40 52 53 54 45 42 43 42 54 50 43 36 25 27 32 56 62 32 37 36 32 36 39 42 44 47 64 73 91 98
0 40 34 41 37 38 36 33 28 25 20 20 22 21 33 50 38 32 29 46 33 23 19 26 16 23 22 22 37 59 60 45 37 35 35 40 42 42 48 45 39 40 36 35 37 31 28 28 35 55 44 37 34 32 28 26 36 51 42 32 28 28 35 33 23 25 52 53 42 54 56 70 49 54 57 61 47 44 28 35 31 58 57 49 52 55 38 31 32 45 49 61 60 55 65 74
0 52 42 43 45 39 36 37 28 22 23 22 29 21 38 35 34 33 28 24 24 25 19 19 16 16 16 16 31 35 48 42 42 29 42 44 46 36 49 45 50 51 45 42 38 32 48 49 38 39 44 46 47 48 40 43 36 43 48 45 49 21 34 34 25 25 37 56 45 42 39 41 53 75 55 38 26 36 37 50 45 63 54 77 79 45 41 34 34 34 43 60 56 68 69 74
0 48 51 45 45 37 36 28 28 30 28 27 45 25 24 28 23 26 38 24 21 17 17 19 17 17 19 26 27 36 21 26 25 30 37 46 48 49 46 43 46 39 39 44 39 43 53 53 51 43 49 48 54 49 50 45 44 41 36 33 22 27 29 50 33 24 31 40 40 49 53 33 38 72 49 37 26 32 31 28 50 48 69 61 52 68 77 61 56 44 52 41 61 50 43 47
0 51 50 45 40 40 38 45 20 26 34 44 36 26 27 25 34 30 49 46 34 26 21 19 25 20 20 22 20 24 34 28 22 31 30 33 41 44 52 46 39 48 46 45 49 70 70 69 69 65 47 47 50 55 55 50 52 43 30 21 21 34 35 26 26 20 23 37 42 48 59 57 72 63 32 27 24 25 35 58 61 66 61 56 63 62 44 54 59 64 58 51 58 54 49 47
0 50 41 38 43 39 38 24 34 34 35 33 31 22 27 28 36 36 46 33 27 23 20 23 37 31 30 27 19 23 34 32 34 34 30 28 33 36 40 53 47 46 53 52 58 50 62 57 65 66 65 64 64 66 56 56 36 21 21 21 27 27 27 28 20 21 25 49 67 51 54 49 39 48 43 30 26 23 34 43 49 58 71 62 51 31 38 38 39 37 38 73 63 30 30 48
0 55 43 36 36 38 32 23 34 31 35 33 34 44 27 23 33 40 43 36 28 34 33 46 41 36 26 24 21 17 29 23 33 31 43 39 26 37 39 45 38 39 46 53 45 48 42 38 36 44 51 53 32 30 28 48 64 47 26 35 24 28 34 21 26 27 31 36 51 48 47 54 59 61 56 41 24 23 33 44 50 43 22 22 22 22 22 22 22 22 35 41 34 61 61 62
0 37 33 33 33 33 23 35 37 38 19 39 40 38 22 22 24 43 51 39 35 44 47 51 41 39 33 31 36 20 25 32 25 20 32 38 38 39 37 38 38 33 21 25 30 25 25 25 25 20 18 18 27 31 35 46 30 24 24 21 23 28 23 32 40 28 35 42 64 61 57 40 33 37 53 45 52 28 28 27 31 26 22 22 22 22 22 22 22 27 45 69 68 67 71 75
0 43 45 41 31 23 21 33 33 40 42 42 44 39 39 34 37 42 47 44 37 42 43 45 42 39 39 34 35 34 39 39 34 47 28 21 20 28 32 27 25 25 17 17 19 17 24 18 18 22 18 44 26 29 29 34 31 29 21 21 21 21 21 26 26 21 21 21 23 21 28 25 32 45 57 55 31 32 27 22 22 22 22 22 22 22 22 22 33 57 64 66 62 59 75 63
0 44 36 25 26 24 23 26 28 34 41 40 42 34 35 47 34 49 44 41 45 49 49 49 49 51 47 44 43 42 40 35 31 28 27 27 24 21 21 17 24 17 17 17 20 24 18 22 19 27 52 38 22 24 24 24 25 27 21 21 21 21 21 23 27 21 21 21 21 21 21 21 21 21 21 27 30 31 27 26 23 22 22 53 41 23 22 49 56 60 61 61 54 62 57 61
0 59 38 26 32 28 27 36 36 34 31 36 37 27 26 38 42 52 50 50 49 50 49 56 51 51 56 52 45 47 42 37 37 33 30 29 27 30 31 26 19 22 20 17 17 17 17 17 21 25 26 28 26 24 47 49 66 39 21 21 21 28 21 27 21 21 21 49 65 63 57 21 21 24 38 49 62 51 34 22 24 30 32 31 40 59 22 34 45 58 56 40 47 42 33 51
0 35 25 33 32 32 39 40 33 36 28 29 24 33 32 26 40 44 51 53 51 48 51 49 47 46 52 50 66 51 60 42 41 43 45 41 36 25 25 37 28 20 22 21 19 17 17 29 30 18 18 18 29 28 36 34 32 21 46 44 23 27 25 26 28 46 48 59 37 45 46 70 68 43 50 78 85 74 40 25 22 27 35 31 44 54 33 40 50 40 29 31 26 23 23 23
0 49 52 43 42 34 41 38 35 28 36 25 29 46 44 39 32 46 48 44 49 47 45 47 44 48 50 48 45 44 45 42 43 40 43 40 27 18 18 25 18 18 25 55 23 19 34 39 18 18 18 18 18 18 18 26 20 24 28 23 23 23 23 42 45 46 48 43 45 50 41 30 34 51 47 51 61 66 53 33 30 24 23 23 44 46 27 32 25 28 28 40 45 39 26 43
0 62 67 71 55 51 27 40 25 23 22 28 32 50 50 48 42 50 48 47 50 46 52 53 45 48 46 48 46 43 39 38 38 45 25 18 18 18 18 18 18 18 18 18 18 18 24 23 18 18 18 18 18 18 18 29 29 30 29 23 48 49 46 51 48 50 53 53 52 52 54 46 48 49 52 48 41 38 47 28 36 49 41 31 23 32 42 36 29 25 50 46 25 25 25 25
0 60 59 62 59 29 41 42 42 41 36 33 37 43 43 40 36 40 42 41 47 65 63 65 61 45 46 40 41 36 36 36 37 31 18 18 23 18 18 18 18 18 18 18 18 18 18 18 18 18 18 18 18 18 18 26 27 29 19 36 22 25 39 45 47 49 53 54 56 56 53 51 53 57 57 54 54 55 45 46 47 38 42 35 29 30 40 47 37 27 25 25 25 30 25 25
