HoopoePrediction/HoopoePrediction/Resources/Deprecated/sh_dem/dem_4.asc
ncols        178
nrows        72
xllcorner    9.303472223000
yllcorner    54.124027778000
dx           0.005029650438
dy           0.005015432111
[rows 0 to 61 of 72, columns 0 to 95 of 178]
0.0 0 0 0 0 0 0 0 0 0 0 0 0 0 0 0 0 0 0 0 0 0 0 0 0 0 0 0 0 0 0 0 0 0 0 0 0 0 0 0 0 0 0 0 0 0 0 0 0 0 0 0 0 0 0 0 0 0 0 0 0 0 0 0 0 0 0 0 0 0 0 0 0 0 0 0 0 0 0 0 0 0 0 0 0 0 0 0 0 0 0 0 0 0 0 0
0 0 0 0 0 0 0 0 0 0 0 0 0 0 0 0 0 0 0 0 0 0 0 0 0 0 0 0 0 0 0 0 0 0 0 0 0 0 0 0 0 0 0 0 0 0 0 0 0 0 0 0 0 0 0 0 0 0 0 0 0 0 0 0 0 0 0 0 0 0 0 0 0 0 0 0 0 0 0 0 0 0 0 0 0 0 0 0 0 0 0 0 0 0 0 0
0 0 0 0 0 0 0 0 0 0 0 0 0 0 0 0 0 0 0 0 0 0 0 0 0 0 0 0 0 0 0 0 0 0 0 0 0 0 0 0 0 0 0 0 0 0 0 0 0 0 0 0 0 0 0 0 0 0 0 0 0 0 0 0 0 0 0 0 0 0 0 0 0 0 0 0 0 0 0 0 0 0 0 0 0 0 0 0 0 0 0 0 0 0 0 0
0 0 0 0 0 0 0 0 0 0 0 0 0 0 0 0 0 0 0 0 0 0 0 0 0 0 0 0 0 0 0 0 0 0 0 0 0 0 0 0 0 0 0 0 0 0 0 0 0 0 0 0 0 0 0 0 0 0 0 0 0 0 0 0 0 0 0 0 0 0 0 0 0 0 0 0 0 0 0 0 0 0 0 0 0 0 0 0 0 0 0 0 0 0 0 0
0 0 0 0 0 0 0 0 0 0 0 0 0 0 0 0 0 0 0 0 0 0 0 0 0 0 0 0 0 0 0 0 0 0 0 0 0 0 0 0 0 0 0 0 0 0 0 0 0 0 0 0 0 0 0 0 0 0 0 0 0 0 0 0 0 0 0 0 0 0 0 0 0 0 0 0 0 0 0 0 0 0 0 0 0 0 0 0 32 22 13 6 11 13 18 19
7 -1 -3 -4 -1 0 1 3 -3 1 0 -1 -2 -3 0 0 0 0 0 2 2 2 2 3 4 4 5 6 9 9 8 9 10 12 12 10 13 18 16 15 17 17 18 19 18 19 19 20 17 16 16 18 19 23 23 22 18 27 19 20 22 22 23 27 27 25 24 25 22 26 29 37 40 50 26 18 23 13 6 3 10 0 1 6 15 19 25 23 23 15 21 24 19 19 23 28
0 -2 -2 -2 -2 -1 -2 -2 1 -1 -1 -1 1 -1 -1 -1 0 -1 1 3 2 3 4 5 4 4 3 3 6 6 7 8 10 11 11 11 12 13 14 17 18 21 20 16 17 17 18 15 16 15 15 16 20 24 23 23 19 21 21 22 22 26 27 26 24 24 23 25 22 25 34 57 67 56 46 31 36 19 6 6 11 1 -2 1 14 18 18 21 20 15 18 16 18 17 20 19
-3 -2 -3 -1 -1 -2 -2 1 2 -1 -3 -3 -1 -1 2 1 1 4 5 7 8 8 8 9 11 6 6 6 8 11 12 11 11 16 17 18 17 19 17 19 20 21 19 17 15 16 20 15 18 15 16 16 17 19 17 21 23 25 28 28 28 27 24 24 24 27 31 26 32 38 56 75 67 50 43 33 24 14 15 11 6 -2 -1 22 18 20 22 28 24 13 13 13 13 17 19 20
-2 -2 -2 -2 -1 2 -2 -1 -1 2 4 2 3 4 2 4 3 4 6 5 6 8 8 10 9 10 11 13 11 11 12 14 14 15 15 16 17 15 16 18 18 15 17 17 17 15 15 13 13 15 14 19 13 14 14 16 22 26 27 23 28 26 25 24 45 51 27 28 39 75 86 84 58 43 35 29 27 29 13 13 12 6 0 8 20 23 15 20 15 10 11 12 12 17 17 15
-2 -3 -2 -2 -2 -2 -1 -3 -2 -2 1 2 4 3 2 3 3 3 5 5 6 6 8 9 11 10 8 11 11 10 12 13 13 15 13 16 14 16 15 18 18 19 20 20 15 16 14 14 16 14 15 15 14 15 13 17 18 20 24 27 24 26 24 23 24 24 23 29 36 69 81 78 52 66 52 43 51 31 25 4 8 4 7 10 24 21 22 21 19 27 10 12 15 18 18 18
-4 -1 -2 -2 -2 1 -1 -1 -3 -1 -2 1 4 5 4 2 4 4 6 4 6 6 8 6 8 9 10 10 10 9 12 15 13 14 14 15 15 15 15 22 16 16 16 17 15 16 15 14 15 13 14 14 14 15 13 15 16 16 17 22 20 23 21 24 28 23 29 26 56 75 107 89 71 60 61 57 46 40 40 11 7 5 2 12 24 25 20 13 17 30 22 21 19 17 22 19
-2 -4 -2 -1 0 0 -1 1 0 -2 -1 -3 -1 4 2 2 3 4 4 4 6 7 9 9 8 9 8 10 9 10 11 14 12 14 14 15 15 18 19 23 20 17 18 18 19 14 16 15 16 11 12 13 16 14 17 17 16 15 16 14 14 17 16 21 30 36 39 26 32 82 85 110 86 64 63 64 52 42 32 32 3 1 16 28 20 20 21 22 20 18 18 14 34 21 20 24
-1 -2 -3 -2 -2 -2 -2 -3 -2 -1 -2 -2 -2 1 4 3 3 3 3 6 5 7 6 7 10 9 9 9 11 12 13 12 12 12 12 13 13 14 14 14 16 15 15 16 16 14 17 22 18 13 13 15 15 18 16 18 23 16 15 15 13 12 12 14 17 16 28 30 45 55 61 76 76 57 36 66 51 37 33 37 3 12 24 21 15 21 22 23 25 23 28 25 23 26 32 18
-2 -2 -3 -2 -1 -3 -3 -2 -1 -2 -3 -3 -3 -2 1 0 1 3 4 2 4 5 5 8 7 7 7 8 10 11 12 11 10 13 11 11 12 13 12 16 14 14 16 13 16 13 12 13 13 11 12 12 14 13 12 12 12 13 13 16 13 13 17 14 17 24 36 49 85 79 82 56 56 34 29 56 77 86 67 36 40 36 17 18 21 20 21 26 25 34 21 25 27 25 16 16
-1 -2 -3 -4 -3 -1 -3 -2 -2 -2 -2 -2 -3 -1 2 4 4 2 2 4 3 4 5 6 6 6 8 7 7 10 9 10 10 9 11 15 12 12 16 14 15 17 16 14 15 19 13 13 12 11 12 12 14 14 11 11 10 12 10 10 14 14 16 17 22 22 32 57 71 66 52 47 31 24 26 57 72 70 36 26 42 35 31 25 21 19 21 34 25 22 22 23 21 17 13 13
5 4 -2 -3 -2 -4 -3 -2 -4 -3 -3 -3 -3 -2 0 4 2 1 2 2 2 3 5 6 7 6 7 7 8 7 7 7 8 10 10 13 14 14 13 14 14 15 15 19 20 22 20 10 12 11 10 13 11 12 10 9 9 11 10 11 15 14 20 16 15 17 20 35 39 39 30 35 42 42 39 21 23 24 20 20 23 27 29 23 22 25 24 30 32 32 31 20 14 8 10 8
17 9 -1 -2 -3 -3 -3 -4 -2 -4 -3 -2 -3 0 -1 0 2 1 2 0 3 3 3 3 6 5 7 6 5 7 9 9 9 9 10 12 12 16 14 25 15 18 20 14 18 21 23 22 11 9 9 10 17 11 11 12 10 11 12 15 13 12 10 14 11 16 20 29 21 20 20 17 18 15 15 17 18 16 14 13 18 22 27 28 23 21 20 28 30 26 16 17 11 3 3 9
14 19 -2 -3 -2 -3 -5 -3 -3 -3 -4 -3 -2 -4 -1 1 1 1 2 2 3 3 4 4 5 3 5 3 4 6 7 10 7 9 9 10 11 16 10 20 23 22 18 18 15 16 19 21 26 11 12 12 11 14 14 12 13 12 8 5 5 10 12 11 9 13 16 16 17 23 26 21 21 17 27 17 15 11 15 15 14 20 23 24 24 23 19 19 16 10 3 3 3 3 3 3
32 8 -2 -3 -2 -2 -4 -3 -3 -3 -2 -2 -3 -2 -2 -2 0 1 2 0 4 3 1 2 2 2 5 4 4 3 6 5 8 9 7 9 8 8 8 9 10 11 17 13 13 14 10 21 20 22 14 15 15 13 15 12 12 12 11 11 9 6 6 10 11 10 15 11 13 16 28 23 24 31 15 12 11 11 28 15 15 19 19 18 17 12 12 3 3 3 3 3 3 3 3 3
30 18 -2 -3 -2 -1 -2 -3 -2 -2 -3 -2 -2 -3 -3 -2 1 2 2 1 1 1 0 0 3 3 4 4 4 7 6 6 7 8 8 7 7 6 7 8 9 10 10 10 10 14 13 17 25 19 14 17 16 15 18 10 12 14 13 6 7 4 9 6 8 7 9 6 11 18 28 17 10 14 11 11 15 16 18 34 23 26 23 20 11 3 3 3 3 3 3 3 3 3 3 3
32 6 5 -1 -4 -3 -2 -3 -3 -3 -3 -3 -3 -2 -2 -2 -2 -1 1 0 0 0 -1 -1 2 5 2 2 5 3 4 6 4 5 4 6 7 8 7 8 8 8 8 8 9 15 22 24 21 22 20 14 12 14 11 10 13 15 11 9 9 2 4 4 8 8 7 6 10 13 14 13 11 12 11 18 49 51 33 33 32 18 11 9 3 3 3 3 3 3 3 3 3 3 7 7
34 23 19 6 2 -1 -3 -3 -3 -3 -3 -2 -2 -2 -1 -1 -2 -1 0 -1 0 0 0 3 2 3 5 3 3 3 3 4 5 4 6 5 5 6 6 6 7 6 7 6 6 7 10 11 23 19 26 24 12 12 11 12 12 23 10 10 9 12 3 3 2 4 3 5 3 6 10 14 12 24 40 52 66 49 42 39 35 23 16 7 3 3 3 3 3 3 3 3 10 15 18 18
17 6 2 -1 4 1 -3 -3 -3 -3 -3 -4 -2 -3 -3 -3 -4 -3 -3 -1 0 -1 0 0 1 0 2 1 2 4 4 4 4 5 4 3 6 5 4 4 5 5 4 4 4 5 3 5 5 7 7 5 5 5 4 6 6 5 6 5 9 6 6 4 0 1 1 2 3 3 3 10 15 29 45 44 72 49 45 33 22 16 13 8 8 6 4 3 3 10 14 16 20 22 23 25
-2 -4 -3 -3 -2 -3 -3 -2 -4 -2 -4 -4 -4 -3 -5 -4 -4 -3 -3 -2 -2 -3 -1 0 -1 0 -1 0 -1 0 -1 0 0 0 1 1 1 1 2 2 2 4 2 4 4 3 3 4 3 4 5 7 5 5 5 4 5 4 4 5 4 6 4 2 1 1 0 3 4 5 8 10 20 39 48 57 64 58 49 38 24 16 12 5 4 13 12 12 7 15 17 15 22 18 19 23
-3 -3 -3 -4 -3 -3 -2 -4 -4 -5 -5 -2 -4 -3 -4 -3 -5 -3 -4 -4 -3 0 1 0 0 1 -1 -1 1 1 -1 1 0 -2 -1 -1 0 1 0 1 2 5 3 11 6 16 18 16 17 18 20 10 15 5 5 7 3 1 1 1 2 0 0 1 3 5 4 5 7 8 9 7 8 14 39 55 60 66 58 45 39 23 21 15 14 12 19 8 7 9 13 12 13 11 11 11
-3 -4 -3 -3 -3 -3 -3 -3 -4 -3 -3 -3 -4 -4 -3 -3 -5 -5 -4 -3 -4 -2 -2 -2 0 -1 -2 1 0 0 0 0 3 2 2 2 2 3 3 4 9 11 9 12 15 14 15 8 15 14 8 14 15 8 5 5 0 6 5 7 6 6 5 5 5 6 6 7 6 8 7 5 5 6 11 21 34 46 34 37 16 10 13 14 11 14 14 7 6 9 10 11 10 5 0 17
-3 -2 -2 -2 -3 -2 -2 -3 -2 -2 -3 -4 -4 -5 -4 -4 -1 -2 -3 -3 -4 -2 -1 0 -2 -1 -1 0 -2 0 2 2 1 2 1 0 2 5 5 7 12 7 18 0 -1 5 12 14 6 14 14 15 6 5 1 3 8 7 6 5 7 4 4 5 6 6 8 9 4 5 6 6 5 5 7 7 10 10 8 11 9 10 14 12 10 11 11 3 6 10 11 5 3 3 11 6
-3 -3 -5 -3 -2 -3 -3 -3 -2 -3 -3 -2 -4 -4 -4 -4 4 7 3 4 1 -3 -2 -2 -3 -2 -3 -2 0 0 2 0 0 1 1 1 2 1 6 2 1 15 14 15 21 21 23 20 18 19 21 24 20 21 8 12 12 7 9 8 7 5 5 4 3 5 7 6 7 6 4 6 6 6 8 11 13 11 11 10 9 9 10 8 9 14 11 4 9 8 0 0 6 10 7 7
-4 -4 -2 -3 -3 -2 -1 -3 -3 -6 -3 -2 -4 -3 -3 -1 4 4 -1 -1 -2 -2 -1 -3 -2 -1 -2 -2 -3 -1 -2 0 -1 0 0 -1 0 -1 -3 2 13 12 14 13 16 15 18 13 18 16 14 21 12 7 12 9 7 6 6 17 8 5 7 5 3 7 8 9 9 8 5 7 5 7 6 9 10 15 14 13 11 8 10 12 10 3 0 4 0 0 7 6 11 11 9 10
-4 -3 -4 -4 -3 -2 -3 -3 -3 -4 -5 -2 -3 -3 -3 -4 -2 -3 -3 -2 -2 -2 -2 -3 0 0 -1 -1 -2 -2 -3 -2 -1 -2 -3 -2 -3 0 4 4 1 1 3 1 4 4 4 5 6 18 17 12 21 5 7 6 8 7 7 7 8 6 8 5 7 8 6 8 9 10 4 9 11 8 10 8 14 14 14 10 10 12 -22 0 14 6 0 0 7 6 9 8 10 11 10 13
-4 -3 -3 0 3 2 2 5 3 -2 -3 -4 -3 -2 -3 -3 -2 -3 -3 -3 -2 -3 -1 -1 0 0 -2 0 0 -2 -3 -1 -1 -1 -1 0 0 0 1 1 3 1 1 2 2 3 3 4 7 10 19 19 8 6 5 7 8 9 9 6 7 6 6 8 5 8 6 8 9 8 8 12 14 16 11 11 12 11 16 12 15 4 15 6 0 4 9 10 8 11 12 15 11 11 19 14
-2 -3 -2 -3 -3 5 6 7 5 5 1 -2 -3 -4 -4 -4 -4 -3 -2 -3 -1 -1 -2 2 0 1 3 0 1 2 0 -1 1 0 1 3 1 6 0 0 1 0 3 3 2 4 5 6 6 9 7 6 7 8 8 8 7 6 6 7 7 5 6 7 8 8 7 10 11 9 8 10 11 9 12 12 11 11 13 12 15 12 0 0 3 26 10 9 8 7 11 7 11 15 21 14
6 1 -3 -3 3 11 9 6 3 -4 1 -2 -3 -5 -3 -1 -3 0 2 6 5 -1 -1 0 0 0 1 0 3 2 1 -1 0 0 1 1 1 0 -1 3 2 2 1 1 7 13 5 7 6 8 7 7 9 8 13 13 17 8 8 6 5 8 7 6 9 9 10 13 10 5 9 8 11 11 13 12 13 13 13 14 9 0 -1 5 6 16 19 11 12 10 8 7 8 10 15 11
11 6 4 0 2 9 12 9 3 3 1 -1 -3 -2 -5 -2 -3 -1 -1 3 0 -3 0 -1 -2 1 -2 0 0 0 -1 -1 0 0 0 0 1 0 0 1 4 4 5 10 4 7 10 11 7 8 9 8 8 9 9 11 17 15 17 5 7 8 7 8 9 7 13 11 13 8 9 10 12 13 15 18 16 10 12 10 0 0 7 10 12 18 13 11 13 11 12 10 9 15 16 12
6 6 5 4 11 9 6 5 4 10 3 0 -2 -2 -1 -3 -4 -3 -2 2 1 -3 0 0 0 -1 1 0 -1 0 -2 0 0 -1 2 -3 1 -1 0 1 3 3 4 5 7 4 6 7 6 10 8 9 9 10 9 19 14 7 6 9 6 6 7 5 9 8 11 9 10 7 6 5 13 11 7 9 28 12 3 -3 0 0 12 14 13 13 9 14 11 12 16 14 17 11 13 13
17 10 9 12 13 8 5 3 1 -1 -2 -2 -2 -1 -2 -1 -3 -1 -3 -2 -2 -2 -1 -1 -1 -1 -1 0 1 0 0 0 -3 -2 -2 -2 -1 -2 -1 2 4 7 14 14 23 23 21 13 10 8 8 9 9 9 10 11 14 10 10 7 6 6 1 8 0 -2 -1 9 8 7 2 4 0 0 8 7 10 13 21 13 1 5 10 12 3 6 9 5 5 16 8 13 11 13 14 17
15 10 11 13 8 7 7 11 11 8 -2 -3 0 -1 -2 -1 -3 -1 -1 -3 -2 -3 -2 -1 9 15 10 2 -2 -1 -1 0 -3 -2 -2 -3 -3 3 3 6 12 18 20 23 21 26 16 12 11 9 10 8 9 9 8 11 13 10 9 10 3 1 4 -2 2 4 1 4 0 7 5 6 8 8 10 8 10 11 7 9 0 7 17 11 7 8 11 13 15 13 15 15 16 18 15 18
9 7 11 11 5 4 11 9 3 0 -2 -3 -2 -3 -3 -3 -2 -2 -2 -1 -2 -2 -2 -1 -2 3 0 -2 -2 -1 -3 -2 -1 -3 -2 -1 -2 3 8 14 13 15 19 20 20 17 15 13 12 11 10 10 9 8 10 9 11 11 11 8 6 8 7 6 6 4 4 6 4 4 6 10 7 12 10 9 3 1 0 4 9 6 9 8 10 7 8 10 14 12 13 13 12 14 13 10
2 -1 -2 0 1 3 6 6 6 1 -2 -2 -2 -3 -3 0 -4 -2 -3 -2 -3 -2 -3 -2 -2 -1 -3 -3 -2 -3 -2 -2 -3 -1 -3 0 3 9 10 12 18 20 21 20 19 16 12 11 9 7 9 8 9 10 12 11 11 9 12 10 7 9 5 6 7 5 2 0 10 6 7 7 2 0 0 24 6 8 7 9 14 10 16 8 8 6 6 6 8 5 6 9 11 13 10 7
-3 -2 -3 2 -2 1 6 5 -2 -4 -3 -1 -3 -3 -3 3 0 -3 -1 -2 -2 -2 -4 -2 -2 -1 -1 -1 -1 -2 -1 -1 -1 3 8 9 10 15 18 18 16 17 17 15 17 15 14 13 10 9 10 15 12 12 11 11 10 10 11 9 7 5 7 9 6 4 0 20 0 5 6 7 6 8 7 7 8 10 8 5 8 9 9 9 7 7 5 5 6 12 10 8 10 11 13 7
-4 0 2 -2 -2 -2 -2 -1 -3 -2 -4 -2 -3 -3 -3 -1 -4 -4 -3 0 -3 -2 -2 -2 0 -1 -2 0 1 -1 0 -1 -2 3 9 20 19 21 21 17 14 14 13 15 14 12 12 12 12 24 27 27 17 11 11 8 9 9 9 8 9 4 8 5 4 0 3 4 5 7 6 8 7 6 5 6 9 6 7 6 4 4 7 19 9 6 7 8 6 6 7 10 10 15 9 7
-2 -2 -2 -1 -2 -4 -3 -1 -3 -2 -4 -4 -2 -2 -2 -3 -4 -3 -3 3 -3 -1 -2 -1 8 -1 -2 -1 -1 -1 4 3 8 8 13 11 15 15 16 13 13 13 13 12 11 19 12 13 29 30 27 30 27 21 9 7 6 6 6 7 4 3 5 3 -1 0 1 3 7 9 9 6 7 11 7 9 11 13 8 7 8 6 3 6 8 8 7 9 6 7 7 6 12 8 10 8
6 -2 -3 -2 -3 -2 -2 -2 -2 -4 -2 -3 -2 -2 -3 -3 -3 -4 -4 8 -2 -3 3 -1 -3 -2 -1 -1 1 -1 6 10 7 7 8 17 17 15 10 9 10 9 10 9 10 25 28 35 35 38 35 30 26 27 11 9 6 5 5 2 3 3 4 2 6 10 4 4 4 6 4 8 7 6 7 7 10 8 10 6 7 6 16 13 7 8 7 8 8 8 7 8 8 8 9 9
6 0 4 15 12 9 -1 -3 -3 -4 -3 -2 -2 -3 -2 -3 -4 -3 -3 -3 -2 -3 -2 -2 -2 0 -4 2 -2 3 8 13 7 5 7 11 16 2 4 6 5 5 6 10 10 14 17 32 36 39 30 32 27 26 18 6 6 1 1 1 2 2 2 0 0 14 8 4 6 5 5 7 7 10 14 9 8 8 8 7 7 6 8 6 4 6 7 7 7 7 8 7 8 10 9 6
14 15 11 4 -3 -3 -3 -4 -3 -4 -3 -2 -3 -2 -3 -2 -3 -2 -2 -4 -2 -1 -1 -1 -3 -3 -3 -2 0 4 11 17 5 5 2 1 3 1 3 3 8 5 5 10 10 14 24 32 29 28 27 16 18 28 21 0 -1 1 1 0 0 1 1 0 5 9 17 21 9 4 6 5 7 7 7 13 11 11 7 6 6 6 5 4 9 6 9 7 9 7 7 6 9 9 7 10
33 25 15 8 -2 -1 -2 -1 -3 -2 -2 -3 -3 -1 -2 -3 -2 -2 -2 -1 -2 -3 -2 -2 -2 -2 -2 -2 0 5 7 6 3 1 4 -2 0 3 3 7 7 9 10 8 13 12 13 14 16 12 7 8 14 21 1 1 2 0 -1 -2 1 0 5 0 2 4 3 4 7 4 7 8 5 9 7 7 9 8 9 5 7 6 8 7 7 8 7 7 8 6 8 6 7 8 14 13
6 4 1 -2 2 -2 -1 -2 -2 -3 -2 -3 -2 -3 -3 -2 -2 -3 -3 -2 -1 -1 -1 -2 -2 -2 -3 -1 -1 -3 -2 -2 -2 -3 -2 -1 2 2 4 5 6 8 10 14 16 14 17 15 12 6 0 1 -1 -1 0 -1 -1 -1 1 -2 -2 -3 0 1 6 4 2 0 3 5 7 5 7 7 9 10 11 10 11 9 8 7 7 7 10 9 9 9 7 7 8 10 7 7 10 15
-2 -2 -2 -1 -3 -1 -2 -2 -1 -3 -1 -2 -2 -3 -3 -3 -3 -1 -3 -3 0 -1 -3 -2 -1 -1 -1 3 -2 -2 -2 -2 -3 -2 -1 -1 3 2 3 2 6 5 8 10 12 16 17 17 22 14 1 -2 -2 -2 -3 -2 -3 -1 -2 -3 1 13 3 1 -2 0 0 1 2 3 7 8 3 7 7 8 12 19 7 8 9 6 10 11 8 10 9 6 9 11 7 8 8 8 10 9
-3 2 -1 -2 1 -1 -3 -1 0 3 3 9 6 5 4 6 2 0 -2 -1 0 -2 -1 -2 -1 -2 -3 -3 -2 -2 -2 -2 -1 1 1 2 3 4 5 9 9 9 10 11 14 28 26 24 13 2 0 -1 -2 -1 -1 -4 0 -1 -3 3 3 0 -1 -2 5 -1 0 1 1 4 3 6 3 4 6 5 7 16 9 6 7 6 6 8 6 5 6 7 8 7 8 10 10 7 8 9
0 2 -1 1 -2 -3 -3 -3 5 7 4 6 8 9 12 12 11 4 2 0 -2 -2 -2 -1 -2 -2 0 -2 -4 -2 -2 -3 1 2 5 6 5 7 9 6 6 11 8 11 10 12 12 7 2 2 1 0 -1 -2 0 -3 -3 -1 0 0 0 -1 -3 -2 -1 -2 0 0 0 2 1 5 7 9 8 5 9 7 7 7 15 6 7 8 7 8 10 10 6 7 9 9 10 12 8 10
0 -2 -2 -1 2 16 9 3 -1 -2 4 7 8 14 18 16 14 11 5 -1 -2 -2 -2 -2 -3 -3 -2 -2 -2 -1 -2 -2 -1 1 4 4 5 7 8 9 10 9 9 9 7 5 6 2 -1 0 0 -1 -1 -1 -1 -3 -3 -2 -3 0 0 -3 -2 -2 -1 0 -1 1 0 1 4 3 5 5 4 7 8 3 5 6 10 12 7 7 7 6 7 7 7 7 7 23 12 8 10 9
0 6 5 5 7 16 19 11 19 0 0 5 15 18 17 19 13 15 9 2 4 5 -1 -2 0 -3 -1 -1 -1 -2 -2 -1 0 2 3 3 8 7 4 6 13 13 7 4 9 2 -1 -1 -1 -1 -1 0 -2 -2 2 -2 0 -3 -1 0 4 -2 -4 -2 0 0 -1 -2 0 1 1 4 2 4 7 5 8 11 5 7 8 10 7 7 7 7 10 8 9 9 7 10 13 9 11 13
0 2 9 9 14 23 23 20 19 10 3 12 20 26 24 19 12 11 8 7 8 8 4 5 -1 -2 -2 -1 -1 -1 -1 0 -1 3 4 6 8 8 6 5 8 11 15 7 -1 -1 -3 -1 0 -1 -2 -1 -2 -1 0 14 12 -2 0 3 4 0 -2 -1 -2 0 0 0 2 2 1 3 14 5 4 7 6 6 8 7 8 8 8 8 8 10 9 24 10 11 13 10 11 12 12 13
0 8 14 19 20 25 24 22 20 9 14 18 23 27 31 26 14 16 17 13 12 5 1 -1 -2 -3 -3 -1 -2 1 0 0 1 0 2 5 7 11 7 1 3 8 3 0 0 -2 3 11 13 3 -2 -1 -1 -2 -3 -1 1 5 7 6 2 -1 -2 -1 -1 0 0 1 1 4 3 4 3 4 7 11 9 11 13 10 11 11 9 12 10 11 12 23 15 26 20 25 23 15 16 10
0 17 30 35 32 27 24 21 20 29 37 15 19 21 26 24 24 19 13 11 7 6 5 -1 -2 -3 -1 -3 0 -1 -2 0 1 1 -1 -1 3 1 0 1 -3 -3 -1 -1 0 10 11 9 6 0 -2 -2 -1 -1 1 1 5 8 5 1 -2 -1 0 0 0 3 1 1 2 3 3 5 6 8 7 15 12 13 12 10 10 11 12 12 12 14 12 25 23 22 17 13 17 19 18 15
0 35 45 44 38 31 34 30 22 26 26 22 19 14 13 17 15 11 6 6 0 -2 -1 -1 -2 -1 -3 -2 -1 -2 -2 -1 -1 -3 -1 -1 -2 -2 -2 -2 1 0 -1 4 8 8 8 1 1 -2 2 5 0 0 1 2 0 -1 -2 -2 0 -1 -1 -1 0 1 3 4 6 6 7 6 9 14 16 14 18 14 16 13 15 19 22 25 26 30 23 20 24 23 22 22 20 20 15 16
0 42 43 41 42 42 33 27 24 16 16 9 7 5 14 10 7 9 -1 -2 -1 -3 -2 -1 -1 -2 -3 -2 -2 -1 -1 -2 -1 -2 -2 -1 -1 -1 -2 -2 1 3 5 3 2 3 0 -3 -3 1 0 6 1 2 0 0 0 13 18 -1 1 1 0 1 0 2 2 7 7 7 9 12 17 19 30 16 15 13 12 13 21 19 18 14 17 14 14 13 11 12 13 18 26 24 20 20
0 37 33 37 38 34 30 22 19 15 22 22 17 8 2 6 7 4 -2 -3 4 4 3 3 0 -1 -2 -2 -1 0 -1 -2 -2 -2 -2 -1 -2 -2 -1 -1 2 4 6 2 2 2 0 1 0 3 1 1 0 -1 1 0 12 17 14 6 1 0 1 3 3 2 7 10 13 13 24 20 29 15 19 19 17 11 14 25 33 36 34 29 29 18 20 19 19 21 17 14 17 18 22 26
0 31 29 29 28 34 32 22 18 21 21 17 20 10 10 8 4 3 2 1 0 0 -1 -1 1 0 -3 -2 -3 0 0 -1 3 2 9 4 -1 4 5 6 6 3 0 1 0 0 -1 -2 -1 -2 -2 1 -2 -1 -1 -1 2 0 10 0 1 2 4 4 3 5 7 10 26 18 19 20 22 19 16 16 12 13 20 30 38 37 30 23 22 24 33 40 48 41 36 18 16 18 15 17
0 31 32 32 34 37 31 30 29 24 14 13 15 8 3 2 2 -2 3 1 3 0 -1 0 -2 -2 -2 -2 -3 -2 6 0 -1 1 0 3 1 3 3 0 0 1 0 -1 -1 -2 -1 -2 -1 -1 -1 -2 -2 -1 -2 -2 1 0 2 3 3 4 5 6 7 5 10 12 19 14 17 15 16 16 18 17 14 13 16 18 21 31 27 22 21 21 36 45 59 50 43 31 20 14 13 16
0 42 44 44 48 40 30 26 22 23 17 17 11 8 9 7 0 -1 -2 1 2 5 0 0 6 -2 -1 -1 1 0 0 -1 0 0 1 0 2 3 6 3 -1 0 -2 -2 -4 -2 -3 -1 3 2 2 1 1 1 2 3 2 4 3 2 4 6 5 11 10 8 13 16 13 14 22 19 23 22 24 23 21 20 19 22 21 22 23 23 25 31 47 53 58 49 43 36 25 28 16 14
0 40 43 37 35 30 28 25 23 19 13 13 5 4 5 -1 -2 -2 -2 2 2 1 4 2 1 -3 -1 2 4 -1 0 3 8 1 -1 -1 0 1 1 4 3 -2 -2 -1 -2 0 3 7 12 19 16 8 5 5 5 13 10 7 7 5 5 7 6 9 6 6 7 5 9 13 14 17 19 20 18 17 14 17 21 21 22 25 23 28 31 40 51 56 54 43 34 31 17 15 17 19
