HoopoePrediction/HoopoePrediction/Resources/Deprecated/sh_dem/dem_6.asc
ncols        161
nrows        117
xllcorner    10.140416668000
yllcorner    53.362361111000
dx           0.005013802627
dy           0.005035612538
[rows 57 to 113 of 117, columns 0 to 95 of 161]
0 0 0 0 0 0 0 0 0 0 45 45 46 43 43 43 36 43 39 47 43 39 48 58 52 54 59 51 50 52 61 69 62 61 65 62 49 48 54 59 55 62 72 77 72 68 62 53 56 51 54 71 51 51 47 48 51 49 45 45 60 56 48 43 47 45 47 57 71 69 55 50 50 52 50 47 67 48 41 43 48 42 37 40 43 37 30 30 36 37 35 40 46 38 36 35
0 0 0 0 0 0 0 0 0 0 0 46 45 53 40 42 59 48 48 47 47 52 57 71 62 54 67 67 60 61 63 52 55 56 51 57 50 56 56 64 82 79 83 64 55 59 50 54 47 42 51 54 55 53 56 54 52 46 51 62 49 44 44 46 50 50 52 74 66 47 61 65 60 64 57 51 49 59 43 46 40 38 37 37 35 35 36 34 36 32 42 38 46 43 31 38
0 0 0 0 0 0 0 0 0 0 0 0 45 44 47 51 65 62 67 52 54 49 52 57 55 53 53 55 57 55 47 46 47 48 50 50 53 51 53 55 58 78 64 56 54 53 46 59 43 62 51 54 43 42 43 47 50 45 45 54 67 49 50 54 56 55 50 47 49 49 44 52 54 44 45 42 48 44 45 47 58 52 53 42 38 41 43 44 50 50 40 34 30 40 39 42
0 0 0 0 0 0 0 0 0 0 0 0 45 49 40 64 68 52 57 48 51 50 49 54 51 55 59 57 53 52 50 51 48 45 48 52 54 58 57 64 80 78 83 62 52 53 46 65 63 71 68 55 41 40 44 45 44 41 49 70 58 65 64 63 69 61 62 61 50 46 40 40 42 45 49 46 44 46 45 50 72 63 54 61 55 58 46 46 39 38 41 40 36 48 47 45
0 0 0 0 0 0 0 0 0 0 0 0 40 47 52 54 57 54 54 53 53 50 54 53 56 54 57 60 56 57 56 54 52 52 52 58 61 64 66 85 82 77 88 68 64 59 41 69 69 58 45 37 40 41 47 44 41 45 47 53 59 62 70 76 73 67 62 52 55 42 41 44 40 41 42 43 48 47 50 46 63 61 48 48 49 53 51 44 42 48 50 51 55 54 50 43
0 0 0 0 0 0 0 0 0 0 0 0 0 0 0 49 50 51 54 52 51 51 54 53 51 55 56 54 53 56 58 62 61 63 56 58 65 74 75 81 82 65 77 64 48 51 53 47 43 38 43 36 34 39 48 42 39 40 44 51 81 62 74 79 72 63 64 51 47 44 40 40 44 40 42 50 47 41 44 45 60 64 61 44 47 49 48 40 46 44 49 52 44 49 45 42
0 0 0 0 0 0 0 0 0 0 0 0 0 0 0 0 0 54 51 51 52 49 51 47 50 54 54 53 52 55 58 66 64 59 56 61 72 70 73 72 70 73 63 44 52 43 51 49 47 55 36 37 38 38 37 47 61 64 71 71 69 83 93 101 88 74 58 54 54 48 43 42 43 46 44 46 48 47 54 64 61 63 48 45 45 50 45 40 39 38 41 42 39 39 38 38
0 0 0 0 0 0 0 0 0 0 0 0 0 0 0 0 0 49 45 42 45 47 45 46 49 50 51 54 55 57 63 70 65 60 57 63 63 61 59 70 63 63 41 43 65 72 64 57 57 37 54 40 41 41 51 58 47 70 71 74 90 91 100 98 91 78 57 50 46 48 59 43 40 44 46 45 52 58 66 65 66 66 60 62 48 41 43 43 36 36 37 35 35 40 39 39
0 0 0 0 0 0 0 0 0 0 0 0 0 0 0 0 0 45 45 46 46 46 50 51 51 55 54 60 64 62 63 69 63 57 54 53 54 54 52 51 46 41 55 46 67 62 58 45 37 47 44 40 40 39 55 60 71 78 83 82 94 98 83 108 105 94 79 75 66 67 67 64 60 44 39 40 60 68 72 63 61 63 61 66 58 53 44 45 41 40 48 37 36 34 37 37
0 0 0 0 0 0 0 0 0 0 0 0 0 0 0 0 52 51 51 51 49 55 50 50 53 50 53 57 57 53 57 59 51 52 54 53 44 49 52 50 44 51 46 44 44 54 56 54 45 41 41 39 40 47 55 53 63 59 69 70 77 77 80 95 105 89 82 76 52 56 60 48 42 41 49 42 61 66 63 59 61 51 52 47 46 47 48 45 55 54 53 52 54 34 31 34
0 0 0 0 0 0 0 0 0 0 0 0 0 0 55 57 63 62 59 55 57 57 59 61 60 55 54 51 50 50 54 47 46 54 55 44 48 44 46 44 51 41 52 51 59 65 64 65 63 51 44 35 35 34 37 41 44 61 58 66 57 69 81 95 77 79 77 77 62 53 50 45 39 40 42 40 42 48 53 57 54 45 47 42 46 46 44 44 44 43 42 36 33 32 33 33
0 0 0 0 0 0 0 0 0 0 0 0 0 44 47 45 52 50 52 51 53 55 58 54 52 52 52 53 54 53 45 53 56 42 44 41 48 68 53 62 55 56 48 51 68 62 55 46 42 42 39 35 39 36 32 27 37 29 28 49 43 53 48 57 49 56 71 68 44 45 40 37 33 39 45 42 42 54 50 54 49 42 38 40 41 42 41 41 50 47 43 44 36 39 39 35
0 0 0 0 0 0 0 0 0 0 0 0 38 40 43 42 47 48 48 49 55 55 55 53 54 56 56 55 58 62 58 52 50 43 39 50 51 44 66 38 64 67 70 65 61 48 35 37 32 32 33 34 36 33 31 23 25 27 34 26 26 33 35 45 42 59 61 55 33 32 31 33 39 40 53 51 51 55 52 48 49 49 51 53 48 48 39 41 43 43 41 40 38 38 39 37
0 0 0 0 0 0 0 0 0 0 0 0 38 41 42 41 46 48 52 53 50 55 62 67 65 62 61 62 64 62 61 57 45 44 46 48 45 35 54 67 78 72 58 37 36 34 36 32 31 29 30 34 33 34 26 29 34 33 35 34 38 39 34 34 32 40 41 36 39 40 38 40 39 60 59 57 50 46 36 37 39 39 43 44 61 55 45 42 49 50 55 58 52 49 43 38
0 0 0 0 0 0 0 0 0 0 0 0 40 37 37 41 47 54 59 58 55 57 63 57 58 59 59 63 64 60 52 52 59 48 50 50 51 42 46 65 61 58 33 35 33 34 30 30 31 37 31 32 24 22 32 35 41 37 32 29 32 33 38 38 38 42 46 46 44 41 45 55 46 52 50 59 55 50 42 41 45 41 46 45 47 49 46 49 53 64 68 70 61 56 52 45
0 0 0 0 0 0 0 0 0 0 0 0 44 43 41 47 55 54 55 51 57 60 61 59 54 51 55 56 54 52 52 54 55 54 53 52 50 35 37 45 33 33 31 30 31 31 30 29 30 30 24 28 34 31 33 33 34 36 39 33 35 33 34 34 43 51 48 41 46 49 63 57 68 63 64 63 52 47 44 45 47 49 47 47 52 66 52 59 57 63 70 70 68 61 55 52
0 0 0 0 0 0 0 0 0 0 0 0 48 48 48 49 49 49 44 50 55 55 53 57 55 55 54 53 52 52 52 55 55 52 48 49 37 35 30 32 32 29 32 30 33 29 29 33 34 33 24 31 34 31 34 36 37 34 36 34 36 42 43 41 41 46 47 44 44 50 61 56 57 69 53 56 49 46 43 44 47 48 56 62 48 61 55 71 70 70 78 76 72 70 65 55
0 0 0 0 0 0 0 0 0 0 0 0 40 48 42 44 45 48 47 40 46 49 50 49 51 53 50 52 52 50 48 49 68 72 50 44 34 30 28 25 30 28 28 32 30 30 35 29 35 35 35 36 34 35 34 35 32 36 38 36 43 48 53 51 51 46 46 47 51 52 50 56 61 57 47 47 46 43 46 49 52 66 54 56 54 63 58 64 70 90 79 81 71 71 68 64
0 0 0 0 0 0 0 0 0 0 0 35 38 40 41 39 38 41 34 42 42 47 45 48 49 49 51 49 49 63 60 55 55 54 52 31 30 27 23 28 28 29 31 32 35 37 49 41 42 41 38 40 37 37 37 37 39 43 37 35 43 45 45 56 49 54 52 54 52 54 52 51 54 52 54 57 42 46 45 44 50 52 52 52 52 54 56 61 84 83 76 73 74 57 60 53
0 0 0 0 0 0 0 32 30 33 33 40 38 37 36 35 34 36 42 45 48 46 49 49 49 46 48 48 43 46 42 40 40 41 31 30 23 27 26 27 26 37 42 42 48 52 56 57 48 35 41 40 43 46 46 42 45 40 38 35 44 49 47 50 55 59 53 52 49 45 45 43 45 51 56 44 44 47 49 48 49 63 62 58 62 63 56 63 63 60 58 58 47 46 40 46
0 0 0 0 0 22 25 34 32 31 30 36 33 34 36 29 35 37 37 46 45 48 46 45 53 53 58 47 44 42 37 36 35 36 34 35 25 28 39 42 45 51 51 47 50 48 45 46 62 38 36 38 42 44 44 47 46 40 45 50 45 46 46 48 51 52 50 45 46 41 42 49 52 51 43 42 46 43 44 44 57 56 53 51 58 58 53 47 42 53 52 42 36 38 34 36
0 0 0 0 18 21 19 19 22 24 32 26 34 41 37 30 37 44 40 42 49 51 55 53 62 58 57 59 52 53 37 38 39 38 31 29 25 45 51 48 58 56 57 57 61 61 52 43 42 60 58 42 38 40 44 46 44 40 40 39 43 55 48 43 48 45 44 44 41 51 41 40 39 59 46 46 57 56 47 47 47 49 47 64 46 44 42 45 38 36 38 32 33 31 29 28
0 0 0 21 23 20 19 19 21 28 25 36 38 33 29 37 37 38 31 38 44 44 47 58 49 43 37 40 37 31 42 38 36 35 42 33 51 56 51 55 54 56 51 58 59 57 52 51 67 66 58 44 60 61 59 46 47 59 50 54 63 61 42 42 40 44 43 43 45 43 39 39 41 43 45 43 45 48 49 47 48 46 47 51 44 42 40 37 46 47 63 46 30 32 33 32
0 0 0 26 27 22 21 29 34 29 28 35 35 29 30 32 31 32 37 36 40 39 39 37 40 33 42 40 37 31 30 26 29 33 48 46 40 67 69 57 59 60 61 58 57 59 59 60 61 59 61 49 51 49 56 56 63 53 60 59 52 47 51 50 44 42 44 45 42 38 41 43 46 48 45 46 47 45 48 48 46 46 46 42 40 37 40 35 29 36 30 25 27 31 33 25
0 0 0 24 26 19 22 29 35 30 23 28 34 24 25 34 35 36 40 31 33 33 37 41 43 44 43 51 42 29 28 34 42 43 48 41 43 53 64 68 56 57 55 57 57 55 60 57 58 49 47 43 49 38 36 49 43 49 53 48 38 48 41 40 40 41 43 38 51 45 48 49 48 47 46 55 52 45 44 42 39 39 31 33 32 29 33 33 39 24 25 25 34 25 33 32
0 0 0 0 0 0 16 16 23 21 25 22 25 25 22 25 28 30 33 37 41 44 43 45 38 31 35 43 41 22 36 40 29 35 46 48 52 55 59 53 55 55 54 55 60 61 61 49 49 45 48 42 43 41 47 47 43 43 48 51 39 40 47 40 41 43 39 45 39 41 40 45 48 45 41 41 48 45 41 39 34 34 29 26 26 25 25 30 26 24 23 25 30 29 36 29
0 0 0 0 0 24 15 17 17 21 24 34 32 23 22 33 30 34 35 34 38 45 45 47 40 27 21 21 28 27 35 21 18 21 23 33 29 34 23 37 48 59 52 49 54 56 52 47 43 41 40 39 29 37 36 45 51 46 54 54 54 46 41 42 44 42 41 40 40 46 35 39 39 39 38 34 40 41 33 30 28 33 32 30 33 47 40 27 23 25 29 34 43 35 37 39
0 0 0 0 0 22 32 28 25 27 42 38 32 22 34 34 40 38 36 38 39 40 46 50 39 36 13 22 13 17 20 19 18 32 33 36 41 53 59 55 54 30 36 54 52 48 44 38 39 35 31 34 37 36 33 38 38 31 30 51 49 43 59 43 44 45 43 44 41 40 39 40 35 33 32 34 33 32 33 32 38 35 36 37 36 32 28 24 34 23 30 43 40 35 35 28
0 0 0 0 0 0 28 35 34 34 37 35 32 0 37 35 37 46 37 38 44 47 46 40 33 35 16 17 31 37 18 17 46 40 51 63 49 68 46 52 56 56 52 47 39 41 40 45 45 35 50 53 47 48 35 45 50 38 53 42 50 45 58 60 63 46 38 44 39 41 43 41 41 43 38 39 35 33 33 41 41 38 34 30 29 27 27 24 24 23 27 24 26 26 25 25
0 0 0 0 0 0 0 0 41 42 44 0 0 0 0 43 40 31 32 39 45 42 39 39 46 29 18 22 33 21 26 31 39 44 66 64 67 63 64 59 46 50 47 51 43 57 57 50 48 50 49 51 52 50 38 41 43 62 59 47 49 52 60 60 59 34 40 47 45 46 44 48 45 44 42 38 35 35 34 32 40 36 38 35 31 28 28 25 25 25 24 24 24 25 27 24
0 0 0 0 0 0 0 0 0 0 0 0 0 0 0 0 25 21 30 40 19 21 26 31 24 10 20 54 42 36 32 28 29 35 60 53 61 68 66 63 65 60 49 41 51 49 52 38 44 49 49 45 53 52 46 48 59 56 50 48 45 38 40 41 37 42 49 49 48 46 46 42 44 53 40 39 39 42 41 29 40 35 47 46 48 47 39 30 20 24 24 25 25 27 24 30
0 0 0 0 0 0 0 0 0 0 0 0 0 0 0 0 0 21 32 25 14 18 14 12 31 43 34 50 55 47 38 33 40 59 52 57 62 70 71 68 58 56 49 40 42 32 38 53 54 45 53 52 52 58 54 45 46 52 48 42 34 42 45 44 35 35 41 44 39 41 41 45 47 43 40 36 36 49 49 32 29 39 46 46 42 46 33 31 21 25 23 30 26 24 25 31
0 0 0 0 0 0 0 0 0 0 0 0 0 0 0 0 0 36 42 34 12 35 42 43 45 48 49 50 53 58 55 55 65 63 68 77 82 77 76 75 66 60 60 59 47 48 37 40 44 43 41 40 43 41 42 42 41 39 44 43 42 40 43 39 41 41 46 48 47 40 45 43 42 38 43 53 44 46 32 33 39 36 26 37 37 32 29 29 23 24 24 33 23 21 23 20
0 0 0 0 0 0 0 0 0 0 0 0 0 0 0 0 0 0 0 17 26 30 49 48 52 44 45 50 46 53 54 63 51 57 69 61 60 72 77 88 86 65 63 53 55 44 40 46 45 45 46 47 47 43 42 45 44 46 52 56 50 49 58 54 58 59 56 57 51 56 57 54 45 50 46 48 55 40 39 44 45 43 33 27 24 26 25 23 25 21 26 27 31 33 20 26
0 0 0 0 0 0 0 0 0 0 0 0 0 0 0 0 0 0 0 39 40 44 48 49 49 45 44 48 49 50 48 71 54 56 58 58 58 55 64 82 74 75 74 64 58 48 52 51 51 46 48 46 45 43 43 43 50 49 53 55 51 49 53 61 64 66 70 68 69 69 63 50 51 50 46 51 43 35 39 39 41 39 27 29 31 28 20 24 22 23 25 24 24 24 20 19
0 0 0 0 0 0 0 0 0 0 0 0 0 0 0 0 0 0 0 0 43 42 38 42 42 41 43 47 49 51 51 52 58 55 52 53 51 54 75 83 85 87 72 66 67 62 65 66 62 53 49 44 42 42 45 47 51 52 51 47 45 47 56 52 59 53 61 66 66 71 77 68 64 54 48 46 42 38 39 27 32 27 29 27 27 41 28 18 21 16 22 24 25 21 19 19
0 0 0 0 0 0 0 0 0 0 0 0 0 0 0 0 0 0 0 0 0 0 0 50 41 38 43 47 51 52 52 62 52 49 51 55 58 58 75 78 83 77 58 64 69 72 72 64 54 62 49 44 52 44 45 53 60 61 49 51 54 47 49 54 49 63 70 60 73 73 76 75 68 69 63 52 47 47 36 37 34 35 35 38 35 26 31 31 31 44 47 27 21 20 18 19
0 0 0 0 0 0 0 0 0 0 0 0 0 0 0 0 0 0 0 0 0 0 0 0 44 42 48 53 47 50 44 48 51 54 52 54 57 57 61 61 67 57 61 68 70 72 66 60 55 54 65 44 42 46 48 49 48 46 58 59 52 38 41 48 50 55 55 56 66 69 73 66 67 70 69 57 46 40 36 38 38 37 41 34 31 24 33 43 42 48 44 39 31 26 14 17
0 0 0 0 0 0 0 0 0 0 0 0 0 0 0 0 0 0 0 0 0 0 0 0 0 8 18 19 44 49 51 54 52 55 56 55 54 53 53 64 51 58 63 61 56 53 54 49 47 45 45 44 49 47 43 40 40 40 36 39 33 38 45 41 48 44 44 49 59 59 65 67 62 69 69 52 47 41 40 39 41 38 33 30 27 37 46 48 45 40 36 34 29 28 28 13
0 0 0 0 0 0 0 0 0 0 0 0 0 0 0 0 0 0 0 0 0 0 0 0 0 0 0 0 1 5 7 13 31 50 39 54 52 53 48 52 54 57 57 56 53 51 55 49 47 46 45 48 45 41 37 38 50 39 57 54 40 34 40 48 50 49 49 51 50 49 71 68 60 63 65 60 50 43 40 42 40 35 34 32 35 40 43 43 44 44 37 38 43 31 41 59
0 0 0 0 0 0 0 0 0 0 0 0 0 0 0 0 0 0 0 0 0 0 0 0 0 0 0 0 0 3 2 3 5 4 6 7 13 14 46 49 54 55 52 50 52 51 52 51 46 47 41 40 43 39 40 40 40 39 45 43 43 40 37 35 48 49 49 48 48 45 49 63 62 50 63 55 62 59 41 39 35 33 33 39 39 40 40 35 27 26 20 26 31 34 37 27
0 0 0 0 0 0 0 0 0 0 0 0 0 0 0 0 0 0 0 0 0 0 0 0 0 0 0 0 0 0 0 2 2 2 5 4 6 4 7 8 10 34 59 53 54 53 53 52 50 48 44 44 43 45 44 42 44 44 44 48 48 47 48 42 34 29 30 39 47 40 46 49 47 41 47 48 52 45 40 36 32 36 35 38 34 28 24 20 18 17 20 12 22 30 22 13
0 0 0 0 0 0 0 0 0 0 0 0 0 0 0 0 0 0 0 0 0 0 0 0 0 0 0 0 0 0 0 10 8 15 0 0 0 4 5 5 6 6 10 21 53 58 57 54 50 48 45 46 49 49 51 52 59 49 45 47 46 44 41 45 48 44 37 30 36 42 36 40 47 36 46 59 43 41 40 37 31 36 37 35 29 20 15 31 20 21 17 11 11 18 10 12
0 0 0 0 0 0 0 0 0 0 0 0 0 0 0 0 0 0 0 0 0 0 0 0 0 0 0 0 0 0 0 0 9 12 0 0 19 16 16 12 4 4 11 11 15 28 62 61 55 51 48 54 60 75 62 59 53 51 53 46 42 44 42 40 33 44 30 38 31 26 28 30 27 27 31 38 41 34 30 31 24 31 24 20 14 17 25 24 30 25 21 20 16 16 17 10
0 0 0 0 0 0 0 0 0 0 0 0 0 0 0 0 0 0 0 0 0 0 0 0 0 0 0 0 0 0 0 0 0 0 0 0 12 12 12 11 8 12 14 10 9 16 29 56 65 61 55 63 80 79 88 63 58 61 54 50 44 41 37 44 41 36 33 36 40 42 37 37 37 36 30 20 29 27 32 28 28 15 17 24 30 31 42 39 34 31 27 25 17 14 14 6
0 0 0 0 0 0 0 0 0 0 0 0 0 0 0 0 0 0 0 0 0 0 0 0 0 0 0 0 0 0 0 0 0 0 0 0 0 0 0 0 7 8 9 7 11 13 17 26 39 65 76 91 87 85 84 71 66 73 72 44 55 33 39 45 47 49 51 44 41 34 30 28 28 28 27 24 32 23 27 19 32 30 24 32 35 35 39 52 36 44 31 18 17 14 10 9
0 0 0 0 0 0 0 0 0 0 0 0 0 0 0 0 0 0 0 0 0 0 0 0 0 0 0 0 0 0 0 0 0 0 0 0 0 0 0 0 0 0 0 0 4 8 15 16 37 67 84 87 93 91 86 84 64 70 74 74 58 48 42 45 59 68 58 48 46 39 44 32 29 37 29 37 33 33 20 24 26 30 34 34 38 42 42 52 45 40 36 29 13 15 15 7
0 0 0 0 0 0 0 0 0 0 0 0 0 0 0 0 0 0 0 0 0 0 0 0 0 0 0 0 0 0 0 0 0 0 0 0 0 0 0 0 0 0 0 0 0 0 0 5 33 43 80 80 80 77 71 68 64 64 66 64 64 58 61 61 62 61 56 51 45 38 34 37 34 34 29 23 26 21 20 23 23 29 31 34 36 33 34 39 45 46 45 14 13 11 12 0
0 0 0 0 0 0 0 0 0 0 0 0 0 0 0 0 0 0 0 0 0 0 0 0 0 0 0 0 0 0 0 0 0 0 0 0 0 0 0 0 0 0 0 0 0 0 0 0 0 0 0 68 79 71 74 77 76 76 70 65 60 59 66 68 69 49 49 45 45 36 37 43 40 34 26 34 26 35 33 25 33 25 30 32 29 33 44 44 42 35 35 12 14 15 7 0
0 0 0 0 0 0 0 0 0 0 0 0 0 0 0 0 0 0 0 0 0 0 0 0 0 0 0 0 0 0 0 0 0 0 0 0 0 0 0 0 0 0 0 0 0 0 0 0 0 0 0 0 0 54 66 72 74 69 53 52 57 63 61 64 53 50 48 44 41 43 43 45 33 23 34 21 25 36 36 28 35 29 30 31 33 44 43 33 29 23 20 8 16 11 7 0
0 0 0 0 0 0 0 0 0 0 0 0 0 0 0 0 0 0 0 0 0 0 0 0 0 0 0 0 0 0 0 0 0 0 0 0 0 0 0 0 0 0 0 0 0 0 0 0 0 0 0 0 0 0 0 67 65 62 51 46 52 59 61 59 65 67 51 45 48 46 45 46 37 30 26 26 37 38 34 29 36 43 31 33 39 42 37 27 19 10 10 12 11 12 5 0
0 0 0 0 0 0 0 0 0 0 0 0 0 0 0 0 0 0 0 0 0 0 0 0 0 0 0 0 0 0 0 0 0 0 0 0 0 0 0 0 0 0 0 0 0 0 0 0 0 0 0 0 0 0 0 0 0 48 44 45 52 57 60 61 73 70 62 51 48 46 50 46 41 29 25 26 34 32 32 32 32 31 31 39 16 7 10 7 8 6 6 10 10 8 5 0
0 0 0 0 0 0 0 0 0 0 0 0 0 0 0 0 0 0 0 0 0 0 0 0 0 0 0 0 0 0 0 0 0 0 0 0 0 0 0 0 0 0 0 0 0 0 0 0 0 0 0 0 0 0 0 0 0 0 0 44 58 67 74 69 79 77 74 66 45 43 42 47 47 40 30 33 23 28 30 30 33 41 39 39 12 14 6 11 6 6 8 8 11 7 4 0
0 0 0 0 0 0 0 0 0 0 0 0 0 0 0 0 0 0 0 0 0 0 0 0 0 0 0 0 0 0 0 0 0 0 0 0 0 0 0 0 0 0 0 0 0 0 0 0 0 0 0 0 0 0 0 0 0 0 0 0 0 35 62 65 69 75 65 59 38 34 43 42 41 39 41 40 30 24 26 30 37 38 41 14 8 9 9 6 7 8 9 11 9 9 5 0
0 0 0 0 0 0 0 0 0 0 0 0 0 0 0 0 0 0 0 0 0 0 0 0 0 0 0 0 0 0 0 0 0 0 0 0 0 0 0 0 0 0 0 0 0 0 0 0 0 0 0 0 0 0 0 0 0 0 0 0 0 0 0 0 16 38 62 60 47 42 32 33 33 30 32 35 33 29 25 28 41 53 54 43 8 7 6 6 6 6 8 6 7 10 4 0
0 0 0 0 0 0 0 0 0 0 0 0 0 0 0 0 0 0 0 0 0 0 0 0 0 0 0 0 0 0 0 0 0 0 0 0 0 0 0 0 0 0 0 0 0 0 0 0 0 0 0 0 0 0 0 0 0 0 0 0 0 0 0 0 0 0 0 20 48 48 43 32 29 32 32 33 33 29 26 30 44 54 46 42 28 14 7 6 8 6 4 3 9 5 0 0
0 0 0 0 0 0 0 0 0 0 0 0 0 0 0 0 0 0 0 0 0 0 0 0 0 0 0 0 0 0 0 0 0 0 0 0 0 0 0 0 0 0 0 0 0 0 0 0 0 0 0 0 0 0 0 0 0 0 0 0 0 0 0 0 0 0 0 0 0 4 29 44 41 36 41 35 33 30 28 34 40 43 51 65 59 49 19 8 7 4 3 3 5 0 0 0
