HoopoePrediction/HoopoePrediction/Resources/Deprecated/sh_dem/dem_5.asc
ncols        174
nrows        112
xllcorner    9.307916667000
yllcorner    53.563472222000
dx           0.005019157092
dy           0.005007440482
[rows 0 to 60 of 112, columns 0 to 95 of 174]
20.0 19 22 20 13 26 25 26 33 37 38 39 40 40 36 37 39 41 46 45 45 40 37 34 28 22 13 6 6 10 11 8 11 11 13 5 1 0 -1 -1 -1 0 0 2 27 27 23 21 20 9 16 17 19 16 15 8 8 10 8 12 11 11 11 10 13 13 21 29 30 32 38 38 37 38 47 57 64 70 78 81 90 81 64 50 52 59 44 28 47 49 30 22 15 12 10 9
19 22 28 21 18 26 33 41 32 34 36 37 38 36 34 44 43 44 40 43 41 31 31 36 37 28 11 10 14 22 24 23 21 12 7 4 3 1 1 -1 2 2 13 10 24 26 27 25 14 12 9 15 15 13 8 8 7 7 8 7 12 15 17 14 14 20 25 35 42 42 38 34 32 54 51 61 66 72 65 64 73 72 70 47 34 44 42 22 15 19 17 10 10 10 8 11
20 31 23 24 8 19 18 22 25 30 27 28 48 34 48 52 62 59 51 40 28 27 24 30 22 9 11 32 51 37 35 25 19 12 21 8 7 5 9 14 21 35 24 23 21 26 21 12 7 3 14 24 14 13 11 10 10 7 8 10 11 12 13 14 17 18 27 35 32 33 26 36 51 49 54 55 61 69 68 43 42 38 55 48 42 32 19 16 13 14 10 9 10 10 17 10
26 26 23 19 0 19 24 26 37 29 29 36 36 37 33 48 42 36 37 26 21 14 23 22 9 18 17 22 25 41 34 25 23 30 25 20 14 13 20 32 29 29 27 22 21 19 15 7 7 3 9 12 11 8 6 10 6 6 11 8 12 13 13 14 15 18 21 25 26 32 35 40 46 53 58 66 66 52 41 34 31 33 46 36 25 16 15 15 13 10 11 10 10 15 9 12
22 22 15 11 0 20 25 40 35 40 38 25 25 27 24 24 24 29 32 23 18 24 24 17 21 32 27 27 44 42 36 36 40 30 30 34 28 30 27 21 17 27 18 14 15 16 15 14 13 23 21 11 15 14 11 10 6 6 7 11 12 10 13 14 18 22 31 32 44 46 47 49 52 55 55 41 45 51 37 28 21 23 23 24 18 13 11 12 11 13 21 12 12 12 10 11
22 25 27 18 21 22 24 23 23 24 17 19 19 22 23 29 31 34 25 24 26 27 23 18 43 37 38 30 33 49 40 45 39 39 41 40 27 20 21 16 17 12 12 12 14 14 13 12 15 12 14 5 9 15 14 15 8 8 7 8 13 10 15 16 21 27 36 44 51 58 71 64 59 52 52 54 28 44 34 25 16 19 18 15 13 11 10 9 12 11 12 11 24 15 10 12
23 21 33 0 19 20 19 19 15 19 16 16 15 13 17 30 31 34 38 35 27 22 16 21 43 47 54 49 35 49 48 44 39 37 38 44 41 37 24 15 17 14 16 24 24 18 13 11 8 10 11 12 8 11 12 12 12 8 13 17 21 19 30 27 29 31 41 50 61 68 79 69 55 51 51 46 47 20 17 16 14 17 11 12 11 12 12 13 13 13 12 18 26 29 14 13
19 22 19 11 17 18 18 19 18 17 14 14 14 12 18 20 26 32 35 35 26 22 22 21 26 34 52 58 54 44 45 51 47 41 36 28 22 19 26 29 27 26 24 22 22 18 16 14 20 17 15 18 14 10 8 17 14 9 13 19 21 19 22 28 27 36 38 48 51 56 61 57 47 41 30 32 23 15 14 21 15 13 13 13 13 13 27 22 34 36 34 39 36 25 15 12
15 23 0 6 15 14 11 18 20 19 18 15 16 11 19 22 23 25 30 24 31 25 24 22 39 46 48 51 53 47 53 48 56 44 35 25 27 20 23 28 30 31 32 27 24 22 20 21 30 26 16 13 15 11 10 12 14 11 15 11 16 15 22 19 22 27 31 39 50 51 54 57 57 44 28 27 18 15 14 13 13 23 13 14 17 20 31 25 32 36 37 36 28 20 23 12
12 14 5 14 -6 10 10 17 20 15 16 13 12 11 18 17 21 24 25 19 22 23 37 47 42 50 40 42 45 51 48 39 40 29 29 24 23 30 24 30 23 27 30 29 26 35 27 21 19 19 18 16 14 17 21 19 17 19 24 16 17 13 18 19 19 21 24 35 40 47 49 63 64 58 40 28 15 14 13 13 28 25 18 19 24 31 32 35 46 43 50 40 34 26 37 18
16 0 4 5 5 9 16 14 6 7 21 19 19 17 11 11 17 15 21 21 27 29 42 54 55 48 45 43 40 41 53 46 41 27 26 36 35 28 24 32 40 25 23 23 23 27 29 24 26 20 17 19 21 27 26 23 16 20 22 21 14 14 20 18 16 31 35 47 46 43 48 58 55 45 33 23 15 14 15 17 27 26 34 40 35 59 71 49 56 63 55 41 41 41 25 14
2 8 3 4 11 7 3 8 23 11 7 15 17 17 15 22 16 23 34 48 48 50 60 37 39 50 49 43 37 35 32 34 35 27 25 33 33 25 27 30 33 26 22 18 19 22 24 21 26 26 24 28 28 24 28 23 20 17 16 15 17 19 23 19 19 26 32 51 50 34 33 34 29 35 20 16 15 15 15 19 24 23 23 36 47 53 60 69 68 59 64 60 39 43 31 22
0 4 10 14 17 23 14 13 17 18 18 22 14 19 18 15 18 22 30 34 44 52 50 46 59 52 49 46 38 28 32 32 28 28 27 29 27 27 29 34 29 30 23 17 17 20 20 21 26 25 24 27 31 32 29 26 21 21 25 21 17 19 19 25 30 34 60 43 27 24 18 19 21 16 17 17 16 16 27 32 40 33 35 43 43 47 59 80 80 68 59 57 52 41 37 25
1 4 3 1 3 2 4 10 15 17 13 16 11 12 13 14 19 24 29 35 39 42 55 54 41 43 43 32 27 29 27 21 30 25 32 28 31 25 31 30 32 32 20 14 14 19 22 21 20 22 18 21 21 24 28 28 34 29 25 23 22 22 26 35 30 38 31 24 30 27 26 30 19 17 19 18 18 23 30 44 51 59 57 67 51 62 64 54 64 68 68 53 47 38 38 29
4 0 -1 -2 -1 2 7 10 15 11 14 8 7 8 13 14 16 24 40 40 52 65 50 42 35 29 33 23 21 29 25 20 24 29 29 23 27 23 25 28 27 24 15 12 12 17 15 20 21 14 19 22 23 26 24 28 29 30 30 55 41 26 30 33 29 33 35 40 40 41 32 29 24 23 21 23 25 32 43 51 51 56 61 82 79 73 75 74 79 82 71 63 44 47 47 47
-1 -1 0 0 1 7 13 15 11 5 7 8 15 14 10 11 15 22 22 38 66 47 42 40 37 29 24 20 21 18 19 19 14 28 24 25 27 29 28 25 19 21 13 12 11 12 29 28 24 15 23 22 22 25 25 24 30 24 28 27 25 30 34 37 36 29 42 47 37 40 35 32 32 38 30 33 47 53 50 53 50 53 55 66 80 94 97 81 80 64 66 47 49 38 34 44
4 1 -1 2 5 4 7 6 13 13 14 10 10 15 12 15 24 37 32 45 39 36 33 44 30 28 22 22 19 17 16 13 20 18 26 27 26 21 29 26 22 16 12 13 11 15 13 16 29 32 28 18 20 42 23 24 25 26 26 25 30 37 49 50 31 33 55 52 34 37 34 38 41 40 37 38 38 45 52 70 58 57 59 62 69 72 72 64 69 47 42 37 32 32 61 51
6 1 4 4 9 12 12 14 12 13 8 11 10 9 15 17 19 31 36 49 47 42 34 32 30 20 22 18 17 18 11 12 14 20 21 22 16 21 29 30 23 15 9 6 14 18 18 19 16 20 35 26 25 23 20 22 33 28 30 23 21 30 32 23 32 32 41 41 37 41 42 45 47 50 50 52 52 51 51 61 72 84 63 62 67 74 83 65 63 44 39 39 39 33 37 40
4 -1 1 4 9 13 15 10 9 11 10 11 13 14 21 39 41 44 48 55 53 45 39 34 31 27 23 20 15 11 15 16 18 21 20 18 17 23 19 15 18 15 15 5 13 17 18 20 18 17 20 29 31 20 20 22 23 23 28 21 18 18 17 23 33 30 34 53 54 46 48 39 42 48 60 56 57 65 66 63 66 67 63 68 83 70 65 70 60 37 33 37 22 32 43 37
1 -3 -2 0 -1 1 2 4 3 3 8 11 20 23 35 37 46 44 66 48 43 36 27 25 29 16 16 9 10 9 12 17 22 17 13 11 18 22 18 4 4 6 10 14 17 19 19 17 21 33 40 39 31 23 22 24 23 28 21 28 25 18 18 17 18 33 45 54 51 50 53 53 55 48 53 58 46 49 55 56 58 62 54 62 64 75 60 59 53 47 46 27 20 27 36 40
-1 -2 -1 -1 5 9 9 10 7 7 4 9 19 28 32 29 29 35 22 48 39 32 33 28 22 18 13 12 10 16 10 11 13 16 13 12 23 27 28 6 3 8 10 9 10 11 13 21 23 24 38 40 46 27 25 27 26 20 19 15 23 16 16 16 20 29 27 35 46 56 57 54 46 45 47 55 43 43 46 47 48 49 49 50 47 50 50 57 43 34 27 21 16 29 41 33
-1 -2 2 5 3 8 4 1 0 4 6 8 12 12 12 15 19 24 26 41 39 43 27 26 27 25 8 10 10 14 14 13 11 11 10 18 27 32 23 12 2 5 4 10 12 16 27 37 39 40 36 43 40 35 39 30 31 32 27 13 17 13 16 16 22 30 35 52 49 48 50 48 53 50 52 53 45 40 37 42 42 45 43 33 38 37 40 34 40 18 19 24 24 19 31 27
-3 -3 4 3 9 18 4 -2 -3 -1 1 1 3 4 12 15 18 26 30 34 37 37 33 29 19 15 6 15 12 25 17 6 7 15 17 14 22 32 28 30 14 1 3 13 15 24 15 16 21 37 36 42 40 43 39 38 39 35 14 15 15 14 18 20 22 31 31 31 49 36 49 52 46 44 32 36 37 33 44 67 46 39 45 36 39 38 37 31 23 27 24 21 14 19 31 26
-3 -3 -2 -3 -2 -2 -3 -1 -1 1 7 5 4 9 12 15 26 32 30 32 36 35 34 30 20 23 17 9 6 8 20 2 10 13 14 14 9 25 29 31 20 13 6 1 9 10 14 12 17 26 37 39 38 37 41 22 35 17 14 13 15 17 15 20 20 24 24 29 37 43 36 44 41 21 25 26 31 38 52 59 65 53 37 30 26 25 22 22 11 14 19 9 21 23 26 32
0 -1 -3 -3 -5 -3 9 18 4 13 1 1 7 12 11 13 14 26 38 41 33 31 25 26 25 23 21 11 11 4 3 2 2 9 7 8 9 17 20 15 5 5 2 5 9 5 13 12 14 15 19 21 21 22 24 21 21 17 13 16 12 14 18 37 45 27 29 27 25 44 38 37 24 18 21 28 29 34 45 46 50 61 52 40 23 16 17 7 8 6 15 11 9 5 4 4
-4 -5 -1 -4 -4 -2 4 18 6 8 9 6 2 9 12 12 12 10 12 19 18 21 -6 21 26 27 23 18 17 17 10 13 12 6 0 1 -1 3 1 2 5 6 4 10 16 15 15 12 11 12 19 20 19 22 22 22 20 18 10 21 20 20 16 20 25 28 28 27 26 17 14 17 14 21 22 19 24 29 38 42 50 49 44 43 24 16 7 6 4 4 5 5 5 4 4 13
-1 -3 -5 -3 -3 -5 -2 -3 1 4 -1 3 5 -1 9 9 12 12 15 15 13 15 2 8 19 26 21 33 36 14 17 17 15 13 1 -1 5 7 4 7 10 14 16 12 16 23 21 16 15 13 16 15 17 19 24 36 36 18 14 17 22 24 21 26 32 32 28 26 25 23 23 23 17 14 15 18 23 23 24 28 37 43 43 33 8 4 3 3 4 3 3 4 4 3 4 8
-4 -5 -3 -4 -4 -3 -4 -2 0 1 -2 2 4 3 4 2 11 13 16 19 18 19 20 19 14 21 13 19 15 16 6 -1 -2 -2 6 7 7 8 16 16 14 19 20 21 20 18 18 14 14 15 12 15 18 23 31 28 21 31 35 42 28 24 24 25 24 26 25 18 24 21 22 19 19 23 21 19 22 26 22 24 30 36 34 23 7 7 13 1 3 1 2 2 3 3 6 5
-5 -6 -4 -4 -4 -2 -3 -2 -3 -3 -3 -3 0 -1 5 22 18 33 26 22 26 28 25 23 18 14 5 4 5 -2 -3 -1 2 9 19 29 11 13 10 12 14 14 16 18 17 14 10 12 12 15 16 13 14 16 31 33 14 34 31 30 28 35 22 23 23 20 21 13 18 13 18 18 27 20 29 32 19 34 35 43 41 54 53 37 4 4 2 1 12 6 3 3 5 15 9 6
-4 -3 -4 -3 -1 -3 -3 -3 -3 -4 -4 -2 -4 -3 6 10 7 18 39 33 17 18 21 14 8 7 1 -1 -2 -4 -1 0 8 14 15 13 10 12 12 17 16 18 18 14 12 11 10 22 20 14 12 9 11 8 14 9 14 19 16 16 16 21 22 26 20 18 16 12 9 9 12 15 10 7 15 20 29 26 22 34 29 45 33 14 4 1 3 3 3 3 3 4 4 13 6 15
-5 1 -3 -4 -4 -2 -2 -3 -3 -3 -3 0 -3 -2 2 3 12 6 22 18 15 11 6 9 -1 4 -2 -3 -2 3 3 1 2 6 5 5 8 12 14 13 17 16 13 9 13 15 20 31 26 11 13 11 8 10 3 18 12 13 11 14 9 19 27 17 17 27 35 12 10 11 6 21 15 10 8 20 21 21 32 31 35 43 37 29 1 -2 6 8 2 3 4 3 4 6 5 6
-5 -4 -4 -5 -4 -6 -5 -5 -6 -4 -4 -3 -4 -5 -4 -5 -5 -5 3 8 3 6 7 4 -1 -3 -3 2 9 7 9 4 9 10 11 5 12 10 11 10 14 13 27 15 11 12 13 14 14 10 12 14 9 12 13 3 12 16 8 12 13 18 19 17 13 16 11 9 8 5 5 10 6 9 19 19 26 17 30 27 31 37 43 35 2 -1 6 5 3 2 3 4 6 5 6 17
-4 -5 -7 -4 -3 -4 -6 -6 -5 -5 -6 -4 -5 -1 -5 -6 -5 -5 -3 -6 3 4 -1 -3 -4 -2 -3 0 5 12 18 15 18 21 17 16 13 16 17 14 16 30 28 23 17 22 12 13 13 13 15 11 6 7 15 11 14 9 12 16 20 19 19 18 16 21 16 13 13 5 4 2 5 5 16 11 15 18 20 26 21 31 35 33 5 11 6 0 1 1 4 4 4 9 13 17
-7 -7 -4 -6 -6 -4 -4 -4 -5 -7 -6 -6 -4 -4 -4 -6 -7 -6 -6 -6 -5 -2 -2 -3 -1 -1 -1 3 7 11 22 19 18 21 21 17 19 21 25 26 25 25 27 27 29 23 18 14 16 13 8 4 6 8 9 11 0 10 13 14 13 14 13 14 16 13 9 5 7 10 4 5 3 4 6 13 16 15 14 19 25 31 27 25 10 9 5 3 2 2 2 2 5 7 10 16
-5 -4 -6 -7 -4 -4 -5 -6 -5 -6 -6 -6 -6 -6 -5 -6 -5 -6 -5 -5 -2 -4 -4 -4 -3 -3 3 2 8 15 21 28 28 29 27 20 28 37 35 39 56 29 25 33 35 23 29 17 16 12 9 14 18 12 12 9 0 13 8 8 12 11 8 11 12 9 4 4 4 6 3 0 1 -3 -1 0 9 14 14 20 16 21 20 19 5 6 3 2 5 4 12 4 5 8 17 18
-4 -5 -4 -5 -5 -6 -5 -4 -1 -2 -3 -3 -5 -3 -5 -5 -5 -4 -6 -6 -7 1 -3 -5 -4 -1 -3 4 8 14 14 20 27 36 41 37 28 21 39 50 42 50 52 54 49 37 37 36 34 32 13 14 26 26 14 13 8 1 10 9 10 9 9 7 8 7 5 0 -2 2 -1 -2 0 -2 -3 0 0 -1 1 0 1 3 2 3 3 4 4 2 2 3 6 5 7 8 18 9
-2 -4 0 -4 -2 -3 0 -5 0 -6 -4 -2 -4 -4 -2 -3 -4 -3 -4 -3 -4 -5 -2 -2 -5 -2 -3 -3 -3 1 1 8 13 11 25 22 12 20 34 34 43 49 48 57 63 68 63 53 53 30 19 17 14 11 10 15 25 24 0 8 10 9 7 7 -3 1 -3 -3 -3 -1 -2 -1 -1 -2 -1 -3 0 1 -3 -1 6 1 2 3 1 4 3 2 1 3 3 4 6 6 7 26
-3 0 -5 -5 -5 -4 -3 -4 -4 -3 -5 -5 -4 -3 -5 -5 -4 -5 -4 -5 -1 -4 -6 -1 -2 -3 -4 -5 -6 -5 -3 -3 0 -2 2 2 6 8 14 20 30 48 32 43 45 47 71 67 43 37 27 21 16 7 6 8 9 9 1 -2 2 2 -2 -3 -3 -3 0 -3 -2 -3 -3 -2 1 -1 4 2 0 2 -4 -4 3 0 0 1 1 -2 0 1 3 2 15 6 5 5 7 6
-5 -4 -4 -5 -4 -5 -4 -4 -2 -2 -2 -2 -2 -4 -4 -4 -4 -4 -5 -4 -5 -3 -3 -3 -2 -4 -5 -5 -5 -3 -3 -3 -1 -2 3 3 4 10 10 17 20 23 35 42 54 54 63 74 67 42 33 27 21 14 11 4 6 6 0 -2 -1 -2 -1 -3 -2 -2 -2 0 -1 -4 0 -2 0 1 0 0 2 0 -1 9 -2 1 0 5 -1 2 2 5 4 3 4 4 2 13 6 8
-5 -5 -5 -5 0 -3 -4 -2 -4 -2 -2 -2 -2 -2 -2 -4 -2 -4 -5 -4 -6 -3 -4 -3 -4 -3 -3 -3 -3 -4 -1 -2 -2 -2 -1 -5 0 0 4 6 7 15 23 29 38 34 39 47 50 55 49 26 27 15 7 5 -3 -3 -2 -4 -2 -4 -2 -2 0 -1 0 -3 -3 -4 -1 1 3 0 0 4 1 2 -1 -2 -2 0 0 -1 0 -1 0 -1 6 10 6 6 4 4 7 2
-4 -4 -4 -4 -3 -4 -4 2 -4 -1 -5 -2 0 2 -1 -3 -4 -4 -2 -4 -3 -4 -3 -4 -3 -4 -3 -3 -5 -1 -2 -3 -5 -5 -3 -1 -2 -4 -3 1 4 5 9 20 21 31 45 36 47 29 44 31 38 15 1 -2 -3 -3 -1 -4 -3 0 -3 -2 -4 -5 -1 -3 -3 -3 -1 3 -1 -1 1 1 3 2 1 2 -1 0 -1 -1 1 0 1 3 2 3 5 8 7 15 7 8
-3 -3 -3 0 -5 -4 -3 -3 -1 -5 -5 -3 -3 -2 -3 0 -2 -4 -3 -3 -2 -4 -3 -4 0 -2 -3 -1 -3 -4 -3 -2 -4 -5 -4 -5 -4 -3 -3 -4 -1 4 2 8 13 24 32 28 24 20 17 19 10 -2 0 -3 -4 -1 -1 -1 -4 -5 -3 -3 -1 -2 -2 -3 -2 -2 -1 -2 1 -1 1 0 0 1 3 2 1 2 0 0 0 -1 1 0 2 0 2 2 3 3 3 3
-4 -4 -4 -2 -4 -3 -4 -4 -3 -5 -3 -2 -5 -3 -3 -3 -2 -2 -4 -2 -1 1 -1 0 -3 -4 -3 -3 -4 -5 -4 -4 -3 -4 -3 -4 0 -1 -3 -1 -1 -1 -2 -3 -1 -3 -3 0 -2 -3 -2 1 -2 2 -3 -4 -4 -4 -3 -4 -2 -4 -3 -3 -4 -2 -4 -1 -3 -3 -2 0 0 8 1 2 -1 5 2 1 3 3 0 0 1 1 -1 1 2 2 3 2 2 4 4 6
-5 -4 -5 -5 -5 -4 -6 -4 -5 -3 -5 -5 -2 -3 -2 -3 -4 -1 -1 -1 -1 0 -2 0 -2 -4 -3 -3 -4 -4 -4 -5 -1 -1 3 8 5 6 6 21 8 10 8 -4 -4 -1 -2 -2 0 -3 1 13 0 -5 -5 -8 -2 -3 -6 -3 -4 -3 -3 -4 -4 -4 -3 -2 -2 -4 1 -1 0 0 3 3 2 0 1 9 4 2 2 3 3 1 3 4 7 6 9 6 9 7 6 8
-5 -4 -4 -5 -4 -5 -3 -5 -3 -2 -4 -3 -4 -3 -4 -4 -3 -4 -4 -2 -2 1 -2 -2 -1 -4 -3 -2 -4 -3 -1 2 4 5 6 7 12 10 19 32 30 27 18 10 5 5 12 14 13 9 1 -4 -1 -6 -58 -56 -56 -6 -4 -4 -5 -2 -2 -1 -4 -3 -2 -2 -4 -4 -2 -1 -1 -1 1 0 4 1 3 0 2 2 0 1 1 1 2 3 4 5 5 5 6 7 7 7
-5 -4 -4 -5 -5 -5 -4 -4 -4 -4 -4 -3 -3 -3 -4 -4 -5 -4 -3 -3 -2 -3 -3 -2 -2 -2 -3 -2 -4 -4 -5 1 0 0 5 9 13 16 18 23 31 21 29 34 19 5 6 9 10 21 21 12 10 16 9 10 7 -3 -5 -2 -3 -3 -3 5 -3 -1 -2 -3 -1 -2 -2 0 -2 -1 8 0 -1 -1 0 0 2 2 1 2 2 4 3 3 4 19 7 6 6 7 7 11
-5 -6 -4 -5 -5 -4 -5 -6 -3 -5 -4 -3 -3 -1 -3 -2 -2 -3 -2 -3 -3 -3 -2 -1 0 -1 -2 -2 -1 -3 -5 -3 -3 2 7 12 19 24 24 23 23 20 20 13 8 6 4 3 3 1 3 9 9 6 7 11 13 7 1 0 -1 -2 -2 -5 -1 5 -4 2 2 -1 -3 -2 -3 -1 -1 -1 -1 -1 0 0 2 4 1 1 2 2 3 3 6 3 5 4 7 8 20 22
0 -5 -5 -5 -4 -6 -4 -4 -3 -5 -3 -3 -3 -2 -2 -2 -4 -3 -2 -2 -3 -2 1 -2 -1 -2 -3 -3 -3 -3 -6 -4 -3 0 9 12 19 24 22 23 22 21 18 18 16 9 2 1 1 0 -2 8 8 6 1 -1 -2 -2 -2 -2 2 -3 -2 -2 -3 -2 -3 -1 0 -2 -2 -1 -2 -2 -1 -1 -1 -1 1 2 -1 2 1 1 1 2 4 5 3 21 24 23 34 28 26 25
0 -5 -4 -5 -5 -4 -4 -5 -4 -1 -4 -5 -4 -5 -2 -4 -3 -3 -2 -3 -3 -1 -2 -1 -2 0 -2 -4 -4 -4 -6 -3 -5 1 0 3 11 12 20 20 18 13 14 18 19 14 4 -2 3 5 -65 -95 -13 5 1 -1 -1 -1 0 -2 -2 -2 0 -2 -2 -3 -3 -2 3 4 5 -3 -1 -3 -1 0 -1 -1 2 1 -1 -1 1 1 1 2 3 4 12 22 36 35 43 36 41 40
0 -5 -4 -2 -3 -4 -1 -5 0 -4 -4 -4 0 -4 -4 -3 -4 -3 -4 -3 -3 1 -1 0 -3 -3 -2 -3 -3 -3 -3 -4 -4 -5 -2 -4 0 -2 1 3 13 12 3 16 16 8 3 -1 1 4 8 -23 -67 2 1 3 -2 -3 -3 -5 -3 -5 -3 6 -2 -2 -3 0 1 4 4 -2 -1 -2 -2 -1 -2 -1 0 0 0 0 1 2 4 11 11 18 24 25 30 40 40 45 46 39
0 -3 -5 -4 -3 -4 -3 -4 -4 -4 -4 -3 -3 -4 -6 -3 -4 -4 -3 3 1 -3 -2 -2 -2 -2 0 -5 -4 -4 -3 -4 -4 -5 -3 0 -4 0 -2 -3 -4 -5 -3 -3 0 4 -1 -3 0 2 1 2 -3 -3 -3 -3 0 -2 -1 -3 -4 -5 -3 4 -1 0 -1 -1 -1 0 1 -1 -1 -2 -1 -1 2 5 6 4 5 3 2 3 4 10 14 20 20 19 21 27 25 43 42 42
0 -2 -5 -5 -4 -2 -4 -3 -2 -5 -5 -5 -5 -4 -4 -2 -3 -3 -4 -3 -3 -3 0 -1 -3 -4 -4 -4 -5 -3 -3 -2 -1 -3 -4 -2 -5 -5 -5 -4 -4 -5 -5 -6 -5 -4 -5 -6 -6 -4 -6 -3 -4 -3 -2 -2 -1 -3 -4 -4 -4 -4 -4 -1 -2 -2 -2 -2 0 2 6 9 9 6 7 2 2 8 7 9 9 9 2 3 7 12 15 20 18 18 17 15 15 16 32 27
0 0 0 1 1 -4 -4 -3 -4 -3 -4 -2 -4 -5 -5 -3 -4 -5 -3 -3 -2 -2 -1 -2 1 -3 -3 -3 -3 -2 -4 0 -3 -3 -5 -3 -3 -4 -3 -5 -4 -3 -1 -4 -2 -1 -3 -4 -5 -5 -4 -3 -4 -4 -4 -3 -4 -4 -5 -5 -4 -5 -3 -2 -2 -1 2 -1 0 5 5 9 9 12 7 4 7 5 9 9 10 8 5 3 2 10 12 17 15 12 10 15 18 22 22 25
0 0 0 0 0 -1 -4 -1 -4 -4 -3 -4 -3 -4 -5 -4 -3 -3 -3 -3 -3 -3 -1 -3 -1 0 -3 -1 -2 -1 -3 -2 -4 -4 -2 -2 -3 -2 -3 -4 -3 -5 -6 -5 -3 -3 -4 -6 -4 -4 -4 -4 -3 -3 -3 -4 -4 -2 -5 -3 5 4 3 -1 -1 -1 -2 -2 -3 1 1 2 0 3 8 6 1 5 9 10 8 9 10 3 3 9 14 10 11 9 10 14 18 21 36 28
0 0 0 0 0 0 0 4 -1 -4 -3 -4 -3 -2 -4 -3 -5 -2 -3 -4 -1 -3 -4 -2 0 -1 1 -3 -2 -1 -2 -3 -3 -4 -3 -3 -1 -4 -3 -4 -4 -6 -5 -4 -4 -3 -3 -3 -4 -3 -3 -3 -5 -2 -4 -2 -3 -3 -3 -2 -3 -3 3 -1 -2 1 -2 1 2 1 6 5 4 5 5 6 4 6 6 4 6 8 10 6 3 4 6 6 8 8 8 13 15 17 24 23
0 0 0 0 0 0 0 1 -4 -3 -4 -4 -4 -3 -2 -5 -5 -3 -3 1 -1 -2 -2 -3 0 0 -3 -3 -2 -2 -3 -2 -2 -1 -3 -3 -3 -3 -5 -4 -5 -4 -3 -5 -4 -2 -3 -2 -4 -4 -4 0 -1 -2 0 1 -2 -2 -1 -1 0 2 -2 -1 0 1 -2 1 1 5 2 4 4 4 4 3 7 9 5 4 6 9 7 10 9 6 4 5 5 9 9 10 18 24 24 23
0 0 0 0 0 0 0 0 1 -4 0 -4 -5 -3 -3 -1 -2 0 -1 5 0 -1 0 -2 0 -1 -1 -4 -2 -2 -4 -5 -4 -5 -3 -2 -3 -3 -2 -4 -3 -4 -4 -3 -3 -3 -2 -3 -2 -2 0 -1 2 1 2 2 4 6 4 3 4 2 2 1 2 2 0 0 1 2 3 6 8 8 9 6 9 9 7 4 4 8 7 8 9 7 6 7 7 9 8 13 18 17 20 20
0 0 0 0 0 0 0 0 0 0 0 -1 -3 -4 -2 0 0 -1 0 0 -1 -1 -1 -1 -4 -1 -1 -2 -2 -3 -3 -3 -4 -5 -2 2 3 -1 -1 -3 -3 -3 -3 -2 -2 -5 -2 -4 -3 -2 -3 -4 -2 -3 -1 2 4 3 7 0 -1 1 -2 -2 -1 3 2 2 1 4 6 5 6 7 7 7 7 7 8 4 3 5 5 11 12 9 6 7 10 11 11 11 14 14 16 20
0 0 0 0 0 0 0 0 0 0 0 0 0 0 1 -2 0 -1 0 0 0 -2 -1 -2 0 -3 -4 -3 -3 -3 -3 -4 -2 -1 -2 -3 -3 -2 -2 -2 -5 -4 -4 -4 -1 -2 -3 -2 0 -2 -3 -4 -3 -4 -2 -2 1 1 0 2 1 -3 -3 1 0 0 3 1 2 6 5 10 6 7 9 10 10 7 6 4 1 8 12 12 12 13 12 8 9 13 13 15 15 16 15 30
0 0 0 0 0 0 0 0 0 0 0 0 0 0 0 1 -1 -1 -2 0 -2 -2 -1 -1 3 -1 -2 -3 -1 -2 0 -2 -3 -2 -3 -3 -2 -3 -2 -1 -3 -3 -3 -2 -4 -4 -4 -2 -2 -2 -3 -3 -4 -3 -4 -4 -3 0 0 2 0 0 2 4 4 7 7 5 7 13 11 13 8 9 7 7 9 8 4 1 4 5 8 10 26 28 30 14 10 13 18 21 22 20 20 18
0 0 0 0 0 0 0 0 0 0 0 0 0 0 0 0 0 0 2 -3 -1 -1 -4 -3 -4 -2 0 2 -2 -2 -3 -2 -3 -3 -2 -4 -5 -2 -3 -5 -1 -3 -4 -4 -4 -4 -2 -3 -3 -3 -2 -4 -4 -3 -3 0 1 3 2 2 3 2 5 8 11 12 11 14 13 11 7 13 7 6 12 7 7 6 8 4 7 9 8 12 23 32 32 32 14 17 17 20 17 21 17 15
